2.629726134344830601e+00
2.624905453886468454e+00
2.620077543026556821e+00
2.615242384368277051e+00
2.610399960999906011e+00
2.605550256359435046e+00
2.600693254064935900e+00
2.595828937725197516e+00
2.590957290740596441e+00
2.586078296108476948e+00
2.581191936258095065e+00
2.576298192950807753e+00
2.571397047280898018e+00
2.566488479795741018e+00
2.561572470722820682e+00
2.556649000256669080e+00
2.551718048837029684e+00
2.546779597350483204e+00
2.541833627213857749e+00
2.536880120335611721e+00
2.531919058984549054e+00
2.526950425609102435e+00
2.521974202642796925e+00
2.516990372314002133e+00
2.511998916467235610e+00
2.506999816410100834e+00
2.501993052819258878e+00
2.496978605752269598e+00
2.491956454799979959e+00
2.486926579370098533e+00
2.481888959034272091e+00
2.476843573830178613e+00
2.471790404415266096e+00
2.466729432022571000e+00
2.461660638245708022e+00
2.456584004737555560e+00
2.451499512917382884e+00
2.446407143748213553e+00
2.441306877603238501e+00
2.436198694221757499e+00
2.431082572767718997e+00
2.425958492018863932e+00
2.420826430690498299e+00
2.415686367827182490e+00
2.410538283117508840e+00
2.405382156972069030e+00
2.400217970291649738e+00
2.395045704008137211e+00
2.389865338608304413e+00
2.384676853857452983e+00
2.379480228815936904e+00
2.374275442073984443e+00
2.369062472040409872e+00
2.363841297162008193e+00
2.358611896063188329e+00
2.353374247660604102e+00
2.348128331262802071e+00
2.342874126569190807e+00
2.337611613463324023e+00
2.332340771614619612e+00
2.327061580076604130e+00
2.321774017132510970e+00
2.316478060503346814e+00
2.311173687792986708e+00
2.305860876898297995e+00
2.300539606176799090e+00
2.295209854361113688e+00
2.289871600350893210e+00
2.284524822997947791e+00
2.279169500910879442e+00
2.273805612282908228e+00
2.268433134811629781e+00
2.263052045806314361e+00
2.257662322471288174e+00
2.252263942200745994e+00
2.246856882701685265e+00
2.241441121916889045e+00
2.236016637872673130e+00
2.230583408551356506e+00
2.225141411753598142e+00
2.219690624900423348e+00
2.214231024886881283e+00
2.208762588201339305e+00
2.203285291341097185e+00
2.197799111234245206e+00
2.192304025310623405e+00
2.186800011173461566e+00
2.181287046164962717e+00
2.175765107122797914e+00
2.170234170380119565e+00
2.164694211931871504e+00
2.159145207742376282e+00
2.153587134120347191e+00
2.148019967884134296e+00
2.142443686065273134e+00
2.136858265339331098e+00
2.131263681724284709e+00
2.125659910804985397e+00
2.120046928150276511e+00
2.114424709498124777e+00
2.108793230733674751e+00
2.103152467887691834e+00
2.097502397071727032e+00
2.091842994159967439e+00
2.086174234476700917e+00
2.080496092955357312e+00
2.074808544656737030e+00
2.069111565027633493e+00
2.063405129684000805e+00
2.057689214102772279e+00
2.051963793455121809e+00
2.046228842483651889e+00
2.040484335578526487e+00
2.034730247269308290e+00
2.028966552620766084e+00
2.023193226852902260e+00
2.017410244653984552e+00
2.011617580190574461e+00
2.005815207609626949e+00
2.000003101129161021e+00
1.994181234908888989e+00
1.988349583316179503e+00
1.982508120998033530e+00
1.976656822215597575e+00
1.970795660480144651e+00
1.964924609157911561e+00
1.959043641906065503e+00
1.953152732427846594e+00
1.947251854534055582e+00
1.941340982311851704e+00
1.935420089409380928e+00
1.929489148541001287e+00
1.923548132367696173e+00
1.917597014126155353e+00
1.911635767090932969e+00
1.905664364538112165e+00
1.899682780070813370e+00
1.893690986700812928e+00
1.887688956275422214e+00
1.881676660808347279e+00
1.875654073205601069e+00
1.869621166297808834e+00
1.863577912634365230e+00
1.857524284945943682e+00
1.851460255469187688e+00
1.845385795569526088e+00
1.839300876833020348e+00
1.833205471610189541e+00
1.827099552210984967e+00
1.820983090427940931e+00
1.814856058006066641e+00
1.808718426812065738e+00
1.802570168226504954e+00
1.796411253140260289e+00
1.790241652711386466e+00
1.784061338348542414e+00
1.777870281438383326e+00
1.771668453562494472e+00
1.765455825960672298e+00
1.759232368895570664e+00
1.752998052378900384e+00
1.746752847108183904e+00
1.740496724332647238e+00
1.734229655027981210e+00
1.727951609641725117e+00
1.721662558449891467e+00
1.715362471477678508e+00
1.709051318559859700e+00
1.702729069627943792e+00
1.696395694629813766e+00
1.690051163676357104e+00
1.683695447122663280e+00
1.677328514999123721e+00
1.670950336209370501e+00
1.664560879215818190e+00
1.658160113679415959e+00
1.651748009753557733e+00
1.645324536633867352e+00
1.638889663233566552e+00
1.632443359148042061e+00
1.625985593466100942e+00
1.619516333856289014e+00
1.613035548491162929e+00
1.606543206835709725e+00
1.600039278067250104e+00
1.593523730481112288e+00
1.586996532329833176e+00
1.580457651829555443e+00
1.573907056661258519e+00
1.567344714441311515e+00
1.560770593316880284e+00
1.554184661746133234e+00
1.547586888063862132e+00
1.540977239949376409e+00
1.534355684275346743e+00
1.527722188004607906e+00
1.521076718741764644e+00
1.514419243796386372e+00
1.507749730049810166e+00
1.501068145582316715e+00
1.494374458023574936e+00
1.487668632790827283e+00
1.480950635766402179e+00
1.474220434776456257e+00
1.467477996288657272e+00
1.460723285881406985e+00
1.453956271381938503e+00
1.447176920234209740e+00
1.440385196570987958e+00
1.433581065445937330e+00
1.426764494456611576e+00
1.419935449192190280e+00
1.413093894038356391e+00
1.406239796368444317e+00
1.399373123216915316e+00
1.392493837434525483e+00
1.385601903419865444e+00
1.378697288454915126e+00
1.371779957075000222e+00
1.364849872950882004e+00
1.357907003126629819e+00
1.350951313783813834e+00
1.343982766929447736e+00
1.337001326545466773e+00
1.330006958839199616e+00
1.322999627647879706e+00
1.315979296032435686e+00
1.308945929987016754e+00
1.301899495028473464e+00
1.294839952669717853e+00
1.287767265725222376e+00
1.280681399748330174e+00
1.273582318206609720e+00
1.266469983095690477e+00
1.259344359779734912e+00
1.252205413403252310e+00
1.245053104467167771e+00
1.237887395059298568e+00
1.230708250057261255e+00
1.223515632000201636e+00
1.216309502225688455e+00
1.209089825098747850e+00
1.201856565122366272e+00
1.194609682176304366e+00
1.187349137196297422e+00
1.180074894511590866e+00
1.172786916060977402e+00
1.165485162236740146e+00
1.158169596866750695e+00
1.150840183735130307e+00
1.143496882096853406e+00
1.136139651927165817e+00
1.128768456771778839e+00
1.121383257946682477e+00
1.113984014828713232e+00
1.106570690383157363e+00
1.099143247822049307e+00
1.091701645500988027e+00
1.084245842551748717e+00
1.076775801669741961e+00
1.069291483690525402e+00
1.061792847091646896e+00
1.054279854113845838e+00
1.046752467425815292e+00
1.039210644645391257e+00
1.031654343960898279e+00
1.024083527284750605e+00
1.016498154769807982e+00
1.008898183937262827e+00
1.001283576064464276e+00
9.936542932971851316e-01
9.860102923023860155e-01
9.783515304743768404e-01
9.706779687412729896e-01
9.629895669336131503e-01
9.552862814781701850e-01
9.475680731245674782e-01
9.398349032405334258e-01
9.320867280226011742e-01
9.243235036494417134e-01
9.165451904776100722e-01
9.087517474349539048e-01
9.009431302039877520e-01
8.931192983368748672e-01
8.852802128243615343e-01
8.774258288516402216e-01
8.695561017572456253e-01
8.616709909791131494e-01
8.537704549857207947e-01
8.458544485651113831e-01
8.379229304753618157e-01
8.299758612456673568e-01
8.220131952443026080e-01
8.140348869951660182e-01
8.060408948867227030e-01
7.980311769717089998e-01
7.900056868414734312e-01
7.819643824028921220e-01
7.739072235385153764e-01
7.658341637794320311e-01
7.577451567430546486e-01
7.496401598409996314e-01
7.415191307426075573e-01
7.333820221259345074e-01
7.252287910916468405e-01
7.170593970573759801e-01
7.088737928327126792e-01
7.006719310652659294e-01
6.924537683059484028e-01
6.842192615912500164e-01
6.759683625988064382e-01
6.677010274705792447e-01
6.594172149112487169e-01
6.511168770871390565e-01
6.427999655307531368e-01
6.344664359285476785e-01
6.261162449001794750e-01
6.177493432150308328e-01
6.093656862530882901e-01
6.009652321818426124e-01
5.925479325896944038e-01
5.841137379621057502e-01
5.756626031085401163e-01
5.671944840981909541e-01
5.587093306440870100e-01
5.502070971812103028e-01
5.416877411778048268e-01
5.331512135822447096e-01
5.245974637767236715e-01
5.160264457098716617e-01
5.074381150174127608e-01
4.988324205603276162e-01
4.902093160208275680e-01
4.815687583200112254e-01
4.729106979092414509e-01
4.642350831038530301e-01
4.555418669803733001e-01
4.468310046567253724e-01
4.381024439548897864e-01
4.293561375780524103e-01
4.205920417612430406e-01
4.118101063999126676e-01
4.030102786638546375e-01
3.941925107669976835e-01
3.853567574304676002e-01
3.765029656664106716e-01
3.676310874202502466e-01
3.587410784075323877e-01
3.498328881312147143e-01
3.409064626771860507e-01
3.319617533829569145e-01
3.229987144828847523e-01
3.140172920050112726e-01
3.050174369036102728e-01
2.959991042186532750e-01
2.869622429799105201e-01
2.779067981064912707e-01
2.688327200841063580e-01
2.597399627912090891e-01
2.506284715149325604e-01
2.414981964505706347e-01
2.323490921454273994e-01
2.231811073436054116e-01
2.139941858729851876e-01
2.047882773600512851e-01
1.955633352332192820e-01
1.863193038595544193e-01
1.770561324169290240e-01
1.677737747907251942e-01
1.584721793477114893e-01
1.491512887298411805e-01
1.398110517204519954e-01
1.304514214291500607e-01
1.210723415664912012e-01
1.116737605478824169e-01
1.022556318073497700e-01
9.281790354295399448e-02
8.336051730862265030e-02
7.388342104485094708e-02
6.438656744604914772e-02
5.486989938771548447e-02
4.533336423537449172e-02
3.577691478620637772e-02
2.620049897370829370e-02
1.660405715750178091e-02
6.987536443209759612e-03
-2.649110753405117466e-03
-1.230594210813348507e-02
-2.198301102495655787e-02
-3.168036510668666844e-02
-4.139805645648936272e-02
-5.113614579330080789e-02
-6.089468683526637338e-02
-7.067372754764540688e-02
-8.047332633579623584e-02
-9.029353768579420625e-02
-1.001344098112653958e-01
-1.099959949604691622e-01
-1.198783550449610824e-01
-1.297815446065980760e-01
-1.397056118477321141e-01
-1.496506155865183763e-01
-1.596166110891140411e-01
-1.696036469028514015e-01
-1.796117751573631793e-01
-1.896410588122147411e-01
-1.996915532025369255e-01
-2.097633068641618082e-01
-2.198563792039974485e-01
-2.299708266073536289e-01
-2.401066981740940798e-01
-2.502640460390780919e-01
-2.604429343248501616e-01
-2.706434191667629330e-01
-2.808655492862013325e-01
-2.911093843278521609e-01
-3.013749814603638444e-01
-3.116623900284016258e-01
-3.219716618796690244e-01
-3.323028621272610117e-01
-3.426560476700616920e-01
-3.530312675106374587e-01
-3.634285817131129859e-01
-3.738480486076730114e-01
-3.842897180366534604e-01
-3.947536416976394347e-01
-4.052398858363176481e-01
-4.157485081393705872e-01
-4.262795577483240450e-01
-4.368330947719441526e-01
-4.474091783381589083e-01
-4.580078584450182344e-01
-4.686291863207485697e-01
-4.792732291415919277e-01
-4.899400453345181816e-01
-5.006296842863574570e-01
-5.113422063361475756e-01
-5.220776718317344800e-01
-5.328361312187670507e-01
-5.436176354214370399e-01
-5.544222526983323407e-01
-5.652500422735738939e-01
-5.761010536355428702e-01
-5.869753469541713065e-01
-5.978729833997257215e-01
-6.087940134841727247e-01
-6.197384874774368724e-01
-6.307064744843149384e-01
-6.416980344679708015e-01
-6.527132171208737121e-01
-6.637520826254420525e-01
-6.748146934398865371e-01
-6.859011004649286924e-01
-6.970113534952607770e-01
-7.081455226385623414e-01
-7.193036686708080829e-01
-7.304858413305381770e-01
-7.416921003656991029e-01
-7.529225090647840846e-01
-7.641771182688865682e-01
-7.754559768861178926e-01
-7.867591557238515776e-01
-7.980867162803935155e-01
-8.094387084229707208e-01
-8.208151916321989594e-01
-8.322162305254481307e-01
-8.436418762422274176e-01
-8.550921770052006821e-01
-8.665672044856408407e-01
-8.780670210132107689e-01
-8.895916764304845348e-01
-9.011412294784683086e-01
-9.127157456171794969e-01
-9.243152758018587933e-01
-9.359398671455807506e-01
-9.475895918591933365e-01
-9.592645130401734610e-01
-9.709646806267452357e-01
-9.826901528341874803e-01
-9.944409965653167038e-01
-1.006217263057509914e+00
-1.018018998603826164e+00
-1.029846276187448062e+00
-1.041699159882610193e+00
-1.053577699626978337e+00
-1.065481952653531073e+00
-1.077411986816238176e+00
-1.089367853129019181e+00
-1.101349596628071525e+00
-1.113357290709516390e+00
-1.125391000369405203e+00
-1.137450775674555992e+00
-1.149536673100305606e+00
-1.161648762111074484e+00
-1.173787094020429356e+00
-1.185951712920215284e+00
-1.198142692839474721e+00
-1.210360099920372745e+00
-1.222603984224203799e+00
-1.234874400919580673e+00
-1.247171420474511461e+00
-1.259495093860787174e+00
-1.271845463668480614e+00
-1.284222604057809747e+00
-1.296626582175201658e+00
-1.309057448123605250e+00
-1.321515255921577481e+00
-1.334000077693197284e+00
-1.346511964608644751e+00
-1.359050958061921666e+00
-1.371617132533255123e+00
-1.384210556428043359e+00
-1.396831279740802456e+00
-1.409479354736946410e+00
-1.422154854524523282e+00
-1.434857829761974957e+00
-1.447588320052147992e+00
-1.460346399646861748e+00
-1.473132138108522504e+00
-1.485945585430863414e+00
-1.498786792370938592e+00
-1.511655833834639306e+00
-1.524552760715188970e+00
-1.537477611299058244e+00
-1.550430459929949212e+00
-1.563411377775116851e+00
-1.576420414805385084e+00
-1.589457619732199012e+00
-1.602523068613204815e+00
-1.615616811868403335e+00
-1.628738885880721021e+00
-1.641889364500431769e+00
-1.655068320424870176e+00
-1.668275803723661355e+00
-1.681511861317445788e+00
-1.694776571285907973e+00
-1.708069984415577336e+00
-1.721392135680255953e+00
-1.734743098716955201e+00
-1.748122948222323947e+00
-1.761531734290113338e+00
-1.774969501384195958e+00
-1.788436328787022411e+00
-1.801932266766951507e+00
-1.815457348142601068e+00
-1.829011645572124589e+00
-1.842595235619366001e+00
-1.856208168496753741e+00
-1.869850486485247210e+00
-1.883522271052814556e+00
-1.897223573012591258e+00
-1.910954423702692972e+00
-1.924714895223205824e+00
-1.938505066725141113e+00
-1.952324988661699345e+00
-1.966174700589653268e+00
-1.980054285417096827e+00
-1.993963793688776631e+00
-2.007903254586270947e+00
-2.021872738902855904e+00
-2.035872328349192184e+00
-2.049902073799579671e+00
-2.063962012436537208e+00
-2.078052229693424291e+00
-2.092172777089207791e+00
-2.106323682377381878e+00
-2.120505015411246141e+00
-2.134716861201499505e+00
-2.148959271081282374e+00
-2.163232279118019186e+00
-2.177535972232202077e+00
-2.191870401815513958e+00
-2.206235593227017677e+00
-2.220631614313304247e+00
-2.235058553197287079e+00
-2.249516461735608264e+00
-2.264005371185441096e+00
-2.278525371084109796e+00
-2.293076514187562420e+00
-2.307658824354556160e+00
-2.322272367898726486e+00
-2.336917237041777007e+00
-2.351593484377917598e+00
-2.366301137688921585e+00
-2.381040288048706266e+00
-2.395810988453821011e+00
-2.410613260235022537e+00
-2.425447166981246294e+00
-2.440312804827502458e+00
-2.455210227163049375e+00
-2.470139458628024531e+00
-2.485100593028064964e+00
-2.500093685390374798e+00
-2.515118755591073896e+00
-2.530175865084640208e+00
-2.545265115226675423e+00
-2.560386560713573179e+00
-2.575540222637211496e+00
-2.590726196655862346e+00
-2.605944539048724806e+00
-2.621195267612264068e+00
