2.262439402479170081e+00
2.354078772084062354e+00
2.445652349335873055e+00
2.537155965124719081e+00
2.628585269383839851e+00
2.719935734377926018e+00
2.811202634247064847e+00
2.902381000176410986e+00
2.993465636840481725e+00
3.084451139921959406e+00
3.175331892477758711e+00
3.266102035093282563e+00
3.356755415044022861e+00
3.447285617319808093e+00
3.537686001658806312e+00
3.627949702553546540e+00
3.718069600840884892e+00
3.808038265216371343e+00
3.897847983679171957e+00
3.987490801568948751e+00
4.076958526302974839e+00
4.166242689766867180e+00
4.255334472868878670e+00
4.344224742704875908e+00
4.432904093027968173e+00
4.521362857986672701e+00
4.609591072254072941e+00
4.697578360874535619e+00
4.785313934270465808e+00
4.872786599121970319e+00
4.959984785051206657e+00
5.046896480604596391e+00
5.133509078731394837e+00
5.219809383562094673e+00
5.305783619367010928e+00
5.391417464447036956e+00
5.476695958985548174e+00
5.561603277315167126e+00
5.646122725981779666e+00
5.730236749486693704e+00
5.813926986401146912e+00
5.897174120961667931e+00
5.979957575153274085e+00
6.062255550461261855e+00
6.144045039196263325e+00
6.225301889554573975e+00
6.306000601617594903e+00
6.386113946422642407e+00
6.465613028771612925e+00
6.544467280276125898e+00
6.622644522060679328e+00
6.700110700141499009e+00
6.776829857205207475e+00
6.852764526853243332e+00
6.927875739672495037e+00
7.002122839713528890e+00
7.075463395128594790e+00
7.147854332419298906e+00
7.219252889246742022e+00
7.289616695575024785e+00
7.358902946387686939e+00
7.427069011908624674e+00
7.494076649005293689e+00
7.559894473117126701e+00
7.624498522616554474e+00
7.687869976397652572e+00
7.749997294195277497e+00
7.810880446832793922e+00
7.870533315489378623e+00
7.928985705075620061e+00
7.986280974596156490e+00
8.042475002028565356e+00
8.097636366698852228e+00
8.151842337681360462e+00
8.205176747885941424e+00
8.257724975458613059e+00
8.309569096205224881e+00
8.360787783378127003e+00
8.411443891041432863e+00
8.461583797651103467e+00
8.511241088434042368e+00
8.560442410357383736e+00
8.609214147530787287e+00
8.657577594032074941e+00
8.705557701000822490e+00
8.753197437413190229e+00
8.800568782079107422e+00
8.847766446917654903e+00
8.894876970036138530e+00
8.941932024025776471e+00
8.988856941742829676e+00
9.035441366522247719e+00
9.081346026107125269e+00
9.126143307552551320e+00
9.169409361193842756e+00
9.210832399051920305e+00
9.250312360920956323e+00
9.288004654446829989e+00
9.324264003203513340e+00
9.359493144487537108e+00
9.393987623575355883e+00
9.427876923963429689e+00
9.461257109769416473e+00
9.494411107913260039e+00
9.527863792097491569e+00
9.562196967938250580e+00
9.597609972587097360e+00
9.633595461090763479e+00
9.669108788710557789e+00
9.703097497551222972e+00
9.735048863844310674e+00
9.765031651320223105e+00
9.793397890782800985e+00
9.820690574647915838e+00
9.847754991497028598e+00
9.875584688298220115e+00
9.904649162554646225e+00
9.934404531549937190e+00
9.963600287959414104e+00
9.991163047613023096e+00
1.001687403649647479e+01
1.004137555411626437e+01
1.006572548197667771e+01
1.009079462871866717e+01
1.011654512449254462e+01
1.014184429174418334e+01
1.016574008507811477e+01
1.018853127438383055e+01
1.021120206831454347e+01
1.023427573818389114e+01
1.025721774331379876e+01
1.027931262377675914e+01
1.030074949274136564e+01
1.032210741738948023e+01
1.034339477651767147e+01
1.036421287634259336e+01
1.038456289160697565e+01
1.040472208273791033e+01
1.042464675388790774e+01
1.044419217695042335e+01
1.046345807807104578e+01
1.048248606787886850e+01
1.050120933425671588e+01
1.051966880227833911e+01
1.053787419474199538e+01
1.055581877820385373e+01
1.057351418408206811e+01
1.059096812117859265e+01
1.060818340407623595e+01
1.062516082838089915e+01
1.064190763461580147e+01
1.065843069107704544e+01
1.067473506497364966e+01
1.069082507324134212e+01
1.070670474684393803e+01
1.072237815953385542e+01
1.073784951968875134e+01
1.075312313164637779e+01
1.076820326755719925e+01
1.078309406819796656e+01
1.079779952655872499e+01
1.081232346069653083e+01
1.082666952751164580e+01
1.084084129140400599e+01
1.085484223761819678e+01
1.086867576775078881e+01
1.088234519700911740e+01
1.089585376990053867e+01
1.090920467813744921e+01
1.092240105490862945e+01
1.093544596403166125e+01
1.094834237132915433e+01
1.096109313982827693e+01
1.097370105557469522e+01
1.098616883175100334e+01
1.099849910503079009e+01
1.101069443148444016e+01
1.102275730130672393e+01
1.103469015742938630e+01
1.104649539354974941e+01
1.105817534761270515e+01
1.106973228629771100e+01
1.108116841335878000e+01
1.109248589180250022e+01
1.110368684558412866e+01
1.111477335831039248e+01
1.112574746767899825e+01
1.113661115887142472e+01
1.114736636199898889e+01
1.115801494877617905e+01
1.116855872042129505e+01
1.117899939243037011e+01
1.118933862030740478e+01
1.119957803041982558e+01
1.120971921764299140e+01
1.121976374479153193e+01
1.122971313421094131e+01
1.123956885705386632e+01
1.124933235281301513e+01
1.125900505781418026e+01
