-1.383337888682945144e-15
7.327842036867574549e-15
4.651209972728053875e-15
1.266281061488664803e-14
-3.784049173542285013e-15
1.042039140160729487e-14
-6.869921298502390149e-15
-5.679866299512780978e-15
-2.132455092137182794e-15
5.981235472185542458e-15
-1.465574478905680803e-14
-1.067983375346859295e-14
1.832058665653576109e-14
-1.162806432449906925e-14
-3.187584021966764427e-15
1.953237918628225458e-15
-6.092381012294997161e-15
8.548362484452758786e-15
4.912058354106704057e-15
-9.445347133010990629e-15
