2.870909712352058385e+00
1.022858611520614414e+00
9.344067057398332266e-02
5.689394565491327077e-02
4.345088870651088453e-02
3.503774840356029679e-02
2.937532482632279965e-02
2.053686671833041683e-02
1.534703476377214520e-02
1.062685817349322097e-02
9.039594086804882481e-03
6.889889095212175553e-03
4.672912568623621699e-03
3.425987795610234941e-03
2.333130455881419953e-03
1.895645739188009903e-03
1.312184987583049287e-03
9.780017527506511352e-04
8.641659296816113891e-04
5.505160054503385574e-04
