-1.226784017037852031e-01
-1.103772427556250602e+00
8.968404941681438203e-01
-8.843006851427477333e-01
1.611275611242935835e+00
1.253625224881997902e-01
-4.838841670735227196e-01
-3.617142020907276878e-01
-8.982061600294806158e-01
-5.412800217035990125e-01
1.982518944852610598e+00
-9.459733404557691960e-01
3.815451906762860057e-01
2.820664836721633595e-01
-4.147220967765790078e-01
-1.061385249874422954e+00
2.581542881861275118e-01
1.260898483168449324e+00
-2.652548704199474972e-01
-1.080613487607697404e-01
-6.811499358347555821e-01
-1.057717833538038610e+00
8.554150571968666128e-01
-3.055573022897451474e-01
2.123586663957414800e+00
-3.115240241952608180e-01
-6.619396964670337669e-01
7.064303039553018193e-01
-4.911825277846733617e-01
-1.233328607725434178e+00
4.593764091977936004e-01
-1.068815654467585308e+00
1.712982265920054648e+00
-2.705870088814088525e-01
-7.334420363928098041e-01
-6.273092017423886890e-02
-4.361349878178126249e-01
-1.416376944188994846e+00
-2.322988003023110370e-02
-9.973948352434844900e-01
5.749155501755346398e-01
9.065505758430242311e-01
-4.974305334059258427e-02
-4.298469428946221638e-01
-9.022368384285543996e-01
-6.141776188896211908e-01
2.086227132736258483e+00
3.373101309516679525e-01
-3.392606117079164929e-01
-6.782197424460120194e-01
1.952172852042767692e+00
-1.280414503495537204e+00
3.587639480013015691e-01
1.127370288424930145e+00
6.242610683433990476e-02
7.979384372390769808e-01
-2.631649261457883471e-01
-1.118702354532609577e+00
4.813479401690256565e-01
-7.980113309605917360e-01
1.046043508389719490e+00
-5.830885134360699329e-01
-9.666321511380635556e-01
-8.455826582747758557e-01
1.008740972190523832e+00
-3.686770656948689662e-01
-8.692861469775300387e-01
8.068687913621853669e-01
-5.610776595336015582e-01
-1.028911059869398681e+00
4.094330259409602601e-01
-1.413741153785537330e+00
3.260827220960098305e-02
1.171497741549729632e+00
-2.583376380231221583e-02
4.035666839861626332e-02
-6.517472419247585247e-01
-1.090227960576545918e+00
1.268629749845881616e+00
-4.002586088749249260e-01
-9.626288234529306598e-01
-8.398961319528693847e-01
2.310705243547831689e+00
-8.870717864392243523e-01
7.582851060624881123e-01
1.636856378598053219e+00
-1.004112074558001638e-01
8.875275725697483464e-01
-2.431607050158871297e-01
-1.534658694753485930e+00
4.561089862464591527e-02
-6.109766268955381108e-01
1.543420601566710237e+00
2.168560318111421303e-01
-6.575041419501542750e-01
4.920356887200169060e-01
-2.773939498113809354e-01
-1.169142033041429718e+00
4.675944454986574184e-01
-4.525969276458187696e-01
1.853364661340678676e+00
6.586571001456420493e-02
-6.711604286602464997e-01
-1.520904234666137778e-01
-6.961268296467760797e-01
-1.003494818410050504e+00
1.081851106142017960e+00
-1.326016926275818797e+00
7.194228203754186868e-02
1.540185441751431572e+00
-8.685328079867566525e-03
-1.147502540747864952e+00
3.483687750921818926e-01
5.772226970683685954e-01
-5.158317407606720639e-01
-2.832220675499013685e-01
-8.279199730603269414e-01
-5.386300530381438190e-01
1.755141037240772306e+00
-1.036901111235152051e+00
8.248318260639048161e-01
-3.300460353301465366e-01
-5.915759987811761711e-01
1.432201032583120037e+00
-9.420773246773124845e-03
-1.158724417012489738e+00
2.629750657748589626e-01
-1.369933208797951218e+00
5.889545103976142615e-01
1.525259533814775192e+00
5.129524806222045957e-02
-3.628330036196386610e-02
-5.797865240212177751e-01
-8.791002171185700043e-01
1.185753525635049987e+00
-5.441012068895527687e-01
1.482383608459190816e+00
-3.588708634851571211e-01
-8.749785615379870318e-01
-1.801800576077665916e-01
-7.238283557398081935e-01
-1.149301052953765057e+00
2.715860410130450653e-01
1.200756863874255620e+00
6.287943118066774417e-02
-1.052181411655215726e+00
9.077093713345790738e-01
-1.297812376500861120e+00
4.710432451106532636e-01
-3.026911312442634450e-01
-5.609346821602015920e-01
9.206631361055847562e-02
-6.111705425875112452e-01
-5.334450383646486271e-01
1.762801570252352512e+00
-1.229171657678826524e+00
2.530412215434789114e-01
8.712650351991934050e-01
-3.782437802126931148e-01
6.098312673451747878e-01
-4.146338095259570755e-01
-9.377771660011513521e-01
1.622470524748375054e+00
-1.290078608736197729e+00
6.233194389008540198e-02
7.690245026114794769e-01
-8.348381944478878991e-02
1.134178680922275806e+00
-4.389628731460483435e-02
-1.318693972728501640e+00
4.352430544438179449e-01
-7.355970761331057650e-01
1.659298840872364122e+00
-4.970462227722745596e-01
-6.959340859521315759e-01
-6.299732078249674627e-01
2.066358418071875036e+00
2.250052733565873209e-01
-3.409493321223245332e-01
9.085607861044361355e-01
-3.829239597858749011e-01
-1.362085340476734352e+00
1.275408145646608482e-01
-1.107307679256527067e+00
8.660094839472320949e-01
6.310113714530780626e-01
-2.727585156785230502e-01
-8.356364045761149884e-01
-8.191978643838119245e-01
-7.588163220489730909e-01
1.611188895373768304e+00
-1.295424875790565089e+00
8.981801559788813449e-01
7.307003854754459127e-01
-1.279691951730156374e-01
-4.223262167349499663e-01
-8.339011286466201378e-01
-6.610965991766080130e-01
2.391484026769319815e+00
-6.914808960433760365e-01
1.616506810294879637e+00
6.474057138726228844e-02
-4.837425361752510367e-01
1.228342693352123760e+00
5.849276790437243218e-02
-1.243403758919981783e+00
1.209873457282574227e-01
1.163129429151126937e+00
-2.808475625796649222e-01
-1.037904753995423368e+00
1.150703003410884051e+00
-7.788831954341615127e-01
1.014541572624586330e+00
-6.245518180075848580e-01
-9.018881973193018098e-01
6.563472248685815469e-01
-6.906207375955188965e-01
-8.592106829450218974e-01
1.022376190891866932e+00
-1.323826283608996679e+00
-2.650104304416649459e-01
4.919345531313010778e-01
-2.797742926853704071e-01
5.429177664523346936e-01
-5.924710197553554325e-01
-3.586745804779003510e-01
2.146523542303139909e+00
-1.151419246576035782e+00
7.747269899861265463e-01
4.492523261976992255e-01
-3.537085248127511683e-01
1.210932528184708312e+00
-1.285381094800523150e-01
-1.454669072161892451e+00
1.990157309442817657e-01
-1.017377099994589029e+00
7.003221329686737384e-01
-4.264684430340948684e-01
-5.021868623304631685e-01
-5.634811118655967954e-01
2.213379041936242242e+00
-3.934719961793973764e-01
-7.897621443801892127e-01
1.383550090932384735e-01
-8.340760347902188565e-01
-1.165736730015720646e+00
2.152672035095731795e-01
-9.779442374210435274e-01
1.069463487850002448e+00
1.716561349809091919e+00
4.717140701780889178e-01
-4.720316568919436656e-02
-6.611172840456732702e-01
-8.586006126581297027e-01
1.694166094534675260e+00
-4.362154023542251791e-01
2.130819116912204159e+00
4.058863869678846353e-02
-5.992833048524405237e-01
1.042434413130907567e+00
2.786978867744220323e-01
-1.172164975156999800e+00
5.569581352054088219e-01
-1.130357943569461954e+00
1.146428553645018888e-01
3.527173735858352699e-01
-4.725117086591875126e-01
-9.528441158666516031e-02
-6.565197316221441648e-01
-6.818543814904337586e-01
2.058971235223026941e+00
-4.765713617808869929e-01
-8.612067886402615668e-01
-1.156640142808216698e+00
6.099399254176183227e-01
-1.298064924057384273e+00
2.460991150079161818e-02
1.502023099876157008e+00
8.595555934120015229e-02
7.560481673296990390e-01
-3.794066160870331328e-01
-1.219717484859120793e+00
7.334478320371372595e-01
-4.281381169800975162e-01
1.870325948144548223e+00
-2.251425924903717180e-01
-5.822318733237245025e-01
8.066938779606729337e-01
-2.294903333570899595e-01
-1.384576325373143568e+00
3.779235360905238150e-01
-1.154610257879809643e+00
1.838230319290963921e+00
-1.947757071958585440e-01
-5.299581285873014025e-01
-1.692162720583183233e-01
-8.419952106978162432e-01
-4.535793099523152683e-01
1.953826095499963111e+00
-9.027066354626168687e-01
8.190186477284501221e-01
5.680472014785205026e-01
-1.022052808180695799e-01
-1.406398405607545810e+00
1.828288766037156621e-01
6.395161873714471090e-01
-1.355988203138239756e-01
2.512225874800487757e-01
-4.245789418660246839e-01
-5.549713139928718064e-01
1.897381602573834591e+00
-5.269017402331771516e-01
1.314831607763135457e+00
-6.242746394792214604e-02
-7.903866955354587054e-01
7.945058380116291064e-01
-1.355717130812124638e-01
-9.364493013357939599e-01
6.073152538028897540e-01
7.581555827464268871e-02
-5.252435246059431462e-01
-1.289417932225028984e+00
5.450150472142940572e-01
-6.162950588590979661e-01
9.549623942787163200e-01
-6.442252150519977016e-01
-8.415357742084099701e-01
4.534834812065530740e-01
-6.058354812082652474e-01
-7.865676004264127164e-01
1.591898925349907623e+00
-1.087580713211286465e+00
1.817935923123355779e-01
5.795779035756319919e-01
-2.410669433928669947e-01
-9.176732021212690160e-01
9.031136887636459498e-01
1.199310682314630894e+00
1.052108480333957680e-01
-3.604376800966147543e-01
-7.861516121574796401e-01
-8.268111610358697128e-01
1.117389896518355519e+00
-1.217510698670460689e+00
9.352797255065348203e-01
-2.110856940318866226e-01
-5.980422717778390851e-01
5.795454484105666548e-01
-3.488228736153776710e-01
-1.567948578049868535e+00
-4.666101415864829655e-02
-5.234208185467450480e-01
1.762919805611006474e+00
2.338448623748676583e-02
-7.024462418247777729e-01
9.567370660216305556e-01
-4.693403103714738345e-01
-1.160723354469741508e+00
9.282470915007113854e-01
-1.051201118291295922e+00
3.164968180627305006e-01
1.096404927671329688e+00
-1.843250555183793271e-01
-1.863784049050023484e-01
-7.194398307847640339e-01
-1.075155489679434195e+00
1.169998847836554834e+00
1.232777381586527693e-01
-8.047813846389008097e-01
-6.391287707143583630e-01
1.822569232811196871e+00
-1.102227794055318455e+00
-1.726333933535417475e-01
-1.208985032113827490e-02
-5.479057435654455244e-01
1.027108537402929178e+00
3.095399335682972874e-01
-9.705225887175025212e-01
8.522423748096890073e-01
-9.986103448643343095e-01
4.825232625656485363e-01
-9.860388732848336668e-02
-4.838586772532750269e-01
-7.049319094211546621e-02
-5.470520502486089232e-01
-1.077027269577171209e+00
1.210802144834165039e+00
-1.505931608111499953e+00
2.573653905018054577e-01
1.185697871373881274e+00
5.040696951288633695e-03
4.932447728253070984e-01
-4.381620060717970055e-01
-9.050289746023784110e-01
2.236511942294504840e-01
-6.087763006154522927e-01
2.038718226339089945e+00
-3.896883617786710552e-01
-9.180367399258997363e-01
-1.072782488964848069e+00
7.354426523042891795e-01
-4.178562852344837042e-01
-5.800921929340775440e-01
2.001808552176958855e+00
-2.154010090599919533e-03
-1.105021992351791660e+00
6.785408324156642079e-01
-1.210532803618367570e+00
2.286940214006343008e-01
5.437176509427864568e-01
-7.687323642217329667e-01
-5.523018050874909518e-02
-5.408693569631507492e-01
-5.338011775495946631e-01
2.227137554609117664e+00
-1.393679046988247405e+00
-1.810504594804796252e-01
4.351114447419433540e-01
-3.215877729206413904e-01
2.794670347316681180e-01
-6.406066796388623086e-01
-7.609094798285124250e-01
2.166924732012533994e+00
-3.880787397162631103e-01
2.484264735283510106e+00
-1.394318535698562955e-01
-6.320876122007598186e-01
1.270706090537369271e+00
-1.015633379565264727e-01
-9.222843910785375465e-01
1.044521972330518134e+00
1.194978308940386480e+00
-1.959068140460174245e-01
-1.401978418311258023e+00
2.330409890279442828e-02
-5.499567869755687122e-01
1.727005974472852756e+00
4.348165606472568223e-01
-2.400283973682955929e-01
-7.428346899367003209e-01
-1.058924556802935513e+00
-1.262315354743001716e+00
1.082806662116475582e+00
-9.550397465798934338e-01
7.660563285922887822e-01
2.567580721130015009e-01
-4.518475239072877736e-01
5.693500170764519142e-02
-5.184676614974679243e-01
-8.064289744169684804e-01
1.893211516926712745e+00
-1.050322731691587519e+00
5.444111913506354261e-01
1.497066521103322057e+00
2.266076918852153177e-01
-1.195766992655884486e-01
-7.632041154096906865e-01
-1.342777502065729323e+00
1.520640351668133272e-01
-8.638772334592943469e-01
1.576641861697883895e+00
-1.146370229636327481e-01
-7.346635664035019442e-01
-8.836258670424539385e-01
7.122287917076747243e-01
-3.538811359883265450e-01
-6.163806408791039360e-01
9.428283321172307163e-01
-2.784435192497595191e-01
-1.466019930929397752e+00
3.227237493604784291e-01
-1.032295404099038416e+00
6.485936264003530072e-01
9.201967607777387093e-01
-3.611652799383430756e-01
6.105917393515035430e-02
-5.990539819465408033e-01
-5.878766655446269196e-01
1.728062632247585162e+00
-1.169088930943978477e+00
-2.799383074136811977e-01
2.394038693734123202e-01
-2.677869656423303990e-01
8.147976464050745229e-03
-5.602027344982740686e-01
-8.179492929153243663e-01
1.626389613279375146e+00
-6.420501285359346832e-01
2.239994211927238243e+00
-5.799519969864862512e-01
-9.454590587364883891e-01
3.751858941028871075e-01
1.014037638083151172e-01
-8.836698165638937619e-01
8.321144375576806640e-01
1.149228816003614373e+00
1.203659017371967177e-01
-1.439642805030665773e+00
3.951303179094143303e-01
-6.415554991767135062e-01
1.333066677286714130e+00
1.974692201451889173e-01
-4.829716632603938686e-01
-1.904872377082857948e-01
-8.317953486570807131e-01
-5.979730115288274250e-01
1.754617702629561737e+00
-1.099349867633154121e+00
5.340314067063459680e-01
8.425066131392571211e-01
-3.864144062625468612e-01
1.349026871907732517e+00
-9.619607314302894285e-02
-8.460848079798477528e-01
6.562521594669967762e-01
-8.983554158278618251e-01
2.001176901212925685e+00
-8.569462438240618152e-01
-8.231709860265200573e-01
4.869311239801686342e-01
-3.354116604940535762e-01
-6.871057439836625313e-01
1.918229948291829023e+00
-1.338525538702894035e+00
7.063917336734319707e-02
1.389210801279128216e+00
-1.926965736704918941e-01
-1.020685720883329317e+00
7.147296835101220047e-01
1.051089137060560397e+00
-3.501620147213474477e-02
-4.646387495022196168e-01
-9.628280585056085972e-01
-1.199390516451048549e+00
1.211871522512764532e+00
-8.939875951906888218e-01
1.458332602836458269e+00
-3.563138559517110560e-01
-5.947949203873968971e-01
3.688806378405137809e-01
-3.058278674870034686e-01
-1.115543150820845764e+00
-4.985766687155848004e-02
-1.245589748457835155e-01
2.005056208125869599e+00
1.279151210927117199e-01
-4.649839867032789509e-01
9.980243074026760031e-01
-3.709058307657923659e-01
-1.058238955248486324e+00
9.010370790297789201e-01
-1.275483754525001512e+00
5.348927247257235784e-01
1.037757850782729641e+00
-1.054371904106110869e-01
-5.138479496504150257e-01
-8.113163696536217495e-01
-1.198899486109569201e+00
6.039615519892079787e-01
-2.226231950960102235e-01
-8.486244744799337214e-01
-6.764497170019734273e-01
2.470451752085174313e+00
-1.106305546628441050e+00
2.004168499201362530e-01
-2.507168432471891875e-02
-7.259808910477998367e-01
1.180922836868453230e+00
2.242245011241188746e-01
-1.177106749147344589e+00
8.122768196176946010e-01
-8.756569900681410168e-01
1.385235935888089243e+00
-4.136752526194446833e-02
-1.493385789878726166e-01
-9.692541053470632439e-01
5.814361958999905156e-01
-1.547040352136431762e-01
-7.660316305022184524e-01
9.821380321882529074e-01
1.146556202333727931e-01
-1.500576987998883949e+00
1.533016885996566492e-01
-1.028824330756971772e+00
2.923515371439502908e-01
1.697675077188780524e-01
-3.911703024820474273e-01
-4.794767515204262365e-01
-9.484520933463791437e-01
-4.732407193970573078e-01
1.600061995096892842e+00
-2.681036687948580854e-01
-7.091912473204452505e-01
-1.086543127959411770e+00
9.459972563032315040e-01
-1.486636974275579837e+00
2.297425980300586146e-01
1.129030797628024496e+00
9.173475983226903052e-02
9.465605491750272993e-01
-2.374265826239973509e-01
-1.152313296966025691e+00
7.728938731054307842e-01
-2.921294763955165075e-01
1.852980499731026409e+00
-9.525473519548804599e-03
-7.053829337204522432e-01
2.533717844029732547e-01
-6.264285416163889453e-01
-1.419047293348440375e+00
-4.183912596514391957e-01
-9.174465088309518013e-01
1.215607899383072121e+00
3.291555872086904255e-02
-5.971701788380776588e-01
-5.718034971582343085e-01
-9.192744074761708406e-01
-8.865337991673869489e-01
1.997709065133514095e+00
-8.252867669035154341e-01
7.827027011165955672e-01
1.123331977217786104e+00
-6.897437542259768350e-02
-1.319738754161311700e+00
3.171079836149615951e-03
1.005419479954590356e+00
-5.658170240469918150e-02
1.338560822596644162e-01
-3.297606843093290330e-01
-6.935131897194808381e-01
1.729693567402126320e+00
-7.389534089113286575e-01
1.204559257433645891e+00
-7.238768056750558566e-01
-8.821397788804988815e-01
2.480049332009300889e-01
-5.327683739683092279e-01
-1.247727029377690089e+00
4.416631337809134861e-01
-1.017805517435082185e+00
3.557151408454776176e-01
8.807322382395755822e-01
-2.332176892838729310e-01
-8.048849483162792140e-01
-1.171380390059942211e+00
-9.461720212016372367e-01
8.041353342312967944e-01
-4.666555100503368969e-01
1.786874688678843359e+00
6.834317002055192436e-01
-4.662340411692784126e-01
9.763546700933742883e-01
-2.184114577737475138e-01
-1.315245853398780751e+00
4.562232666075304310e-01
1.104766010484888206e+00
-2.228883528680431492e-01
-1.052027339471485856e+00
8.776821851468137314e-01
-4.602985195505918670e-01
2.170902070235296577e+00
-2.706348141051453937e-01
-7.421652592418708227e-01
1.572843793976464177e-01
-4.817286333057442249e-01
-9.934345398399775373e-01
8.180961910381027158e-01
-1.316690999641331850e+00
1.477095994487760038e-03
5.789354580292151997e-01
-1.524192556895698214e-01
2.568567068318583502e-02
-7.069087726441746211e-01
-3.388001697167334347e-01
2.334115428292004246e+00
-1.269350506628096786e+00
4.834136561588086023e-01
8.058708153612872405e-01
-4.476712032390223195e-01
1.724213568500950311e+00
-2.102853233087115803e-01
-1.199250992997429321e+00
4.475903145938391337e-01
-9.991315583817215185e-01
7.982569986417473729e-01
-3.174335201463747147e-01
-7.572139020194080805e-01
-6.806984633105233051e-01
1.558630062406796801e+00
-4.223309559037055072e-01
-8.956469325939129256e-01
5.579010352631049718e-01
-3.572186627384478230e-01
-1.065090188873352162e+00
2.739881000722553250e-01
-1.295738527911279192e+00
2.698508533417802724e-01
1.447771098854488514e+00
-1.360050708821265442e-01
-8.103064500023081373e-02
-6.361153152090704976e-01
-9.876685069917483517e-01
1.628997506504100468e+00
-9.321781834381467347e-01
1.213006034812662781e+00
1.468274537235667365e+00
1.541868718454635079e-01
1.165496640336627782e-01
-7.437845856430872482e-01
-9.695483966808863263e-01
1.591841146992266198e+00
-5.118507225723187837e-01
1.332318648425193652e+00
-9.678041235628292993e-02
-5.663603923010717134e-01
-8.943065525176698005e-02
-6.819152096386033035e-01
-1.115301099474750979e+00
6.475678099102487595e-01
1.111638176789307986e+00
3.423502682310143597e-02
-1.326199465842738956e+00
3.191652438412542758e-01
-8.843055813193166914e-01
8.451988674657054945e-01
-1.806875291935578776e-01
-6.999932709443772438e-01
-2.513856303730088171e-01
-7.848306057789400381e-01
-5.646290813774862416e-01
1.617398901064395433e+00
-1.065209161151787320e+00
4.317955063442020514e-01
6.722921490190331140e-01
-2.531738353023363919e-01
3.393026488662716916e-02
-6.192647836442721765e-01
-1.152158623893697831e+00
1.506692553936479939e+00
-1.469303919121253355e+00
-1.466100078114393190e-01
-1.446809584365737200e-01
-4.949064388474216369e-01
1.214448051432288400e+00
2.027232210765148035e-02
-8.741596137587590576e-01
9.957121911007354997e-01
-6.365838643818303444e-01
1.647837233370655907e+00
-5.251244876034717457e-01
-7.466940918526008275e-01
-7.978382417015652539e-01
1.518664888613626252e+00
3.349047778809923215e-01
-1.747516370440571065e-01
1.494020297483143134e+00
-1.281129267662447502e-01
-1.225574558519189727e+00
3.133011357490463888e-01
-9.792006916962787688e-01
5.350487781410447896e-01
5.149540001347964191e-01
-4.513075522425208375e-01
-6.339929082737338906e-01
-9.144362317102924242e-01
-7.868065735930658278e-01
9.111438191075442727e-01
-6.762694583076956922e-01
1.435079984635847294e+00
-7.859160897717807348e-01
-8.913116812212663609e-01
8.512004079068296036e-01
-1.926981169382095682e-01
-9.571143626137882388e-01
5.622327728095845023e-01
-1.241846670282930054e+00
-1.802496234036216061e-02
9.397140411608471133e-01
-1.018270391305410721e-01
4.706398421906768936e-01
-5.778351927414658862e-01
-4.199893466850129764e-01
1.851476941389238462e+00
-4.760097701575444207e-01
-8.719972981915766752e-01
-7.570939077700845621e-01
2.097571181060277734e+00
-1.010336773781625563e+00
8.414887568739126689e-01
7.619748702347266534e-01
-2.248434124561843606e-01
6.120306893540705673e-01
-3.364565784090086664e-01
-1.453884385938412738e+00
1.447313453448658208e-02
-7.639160377461078344e-01
1.383044019739190889e+00
-2.289936073725017673e-01
-4.579318001303730457e-01
6.443350899161895962e-01
1.209477618040200264e+00
1.129594646370580380e+00
-6.096528476430864707e-01
1.312966182457764530e+00
1.562233415343516674e+00
1.283722410106174383e+00
-5.071185455158865318e-01
2.413870287133350168e+00
-1.452910830971628986e+00
-5.844564447756195325e-01
2.591105070963526380e-01
-1.464645509409053803e+00
1.275099676560370598e+00
2.800992398094660718e+00
4.558641054368787748e-01
-7.903887772900816330e-03
-1.548858748067326818e+00
2.286352256132221594e+00
2.009559574253136915e+00
2.787064156337676124e+00
2.143366359698514412e+00
1.383533528161800863e+00
4.025045808742864772e-01
6.273740430827806636e-01
-9.087599192139520499e-01
-5.834433541454189243e-01
-1.723771897085144347e-02
2.420987111823765581e+00
2.139820128029465973e+00
-7.896674631863510874e-02
-1.212509633249637231e+00
2.094936845417114668e-01
-1.012776457542357234e+00
-6.316551389350564261e-01
2.956466022308391395e+00
-1.222167200159255118e-01
-6.343396847418096840e-01
9.799100162842876438e-01
-1.160796321568048350e+00
1.371511894527853270e+00
-4.333833091175685048e-01
2.258751577101321406e-01
-9.387435557675458675e-01
-1.237638645322600567e-01
-1.577628030481927235e+00
-5.044650650719568752e-01
-1.023769423176990045e+00
2.877233843197092522e+00
7.703846257144520981e-01
-1.431644281597999335e-01
-1.550449352897964150e+00
-9.361347445574864645e-01
1.428261033650418677e+00
-1.293141763957196266e+00
1.931979360604396071e-03
-1.646288650400028475e+00
2.839883212238189181e+00
3.444499338163226621e-01
-9.635210810316240104e-02
-8.083435642193105286e-01
-1.260059563761622980e-01
-1.031742951625696403e+00
1.451246922734854783e+00
6.751901968644417051e-01
2.494156623388418481e+00
-2.367201931183129104e-01
5.454301189758350432e-01
-6.027413830916005244e-01
-9.827858553021910915e-01
-1.413678459555799627e+00
-6.061167929420003819e-01
-4.326566888407160083e-01
-4.124887272672226879e-01
1.292960411934592324e+00
-1.574915404423862020e+00
2.456311525392549100e-01
2.697590007415131108e+00
-1.234202085099558310e-01
1.379264486805091616e+00
-2.549710085811025539e-01
-6.823192859111364417e-01
-8.713888689077757821e-01
1.434144177160802780e+00
-8.337795604378299696e-01
-1.526960273119963851e+00
-8.436836577198845166e-01
-1.586877443860835735e+00
-1.318028318733450499e+00
-6.527905843581979228e-01
1.914484469648089826e+00
2.272490490058247214e+00
7.313653272090865631e-02
-1.737757186735397807e+00
-8.971167585817158008e-01
-1.031402685072967396e+00
-1.098106454026033241e+00
4.815274857300996247e-01
1.200645551256542598e+00
-1.214727642165435162e+00
-1.654095892096494769e+00
-7.530574592451406701e-01
-1.057515360431975360e+00
-1.259403487507180452e+00
-1.307123649178502989e+00
1.901940508857383527e+00
-9.242047089915457203e-01
-8.336219276601936068e-01
1.982744986431904888e+00
-6.211155680869464568e-01
4.285115630970667833e-01
-8.451518099771944126e-01
1.432507418146245826e+00
-6.556522447254448105e-01
4.793499970259841314e-01
1.218270687961973353e+00
-3.843592496119543900e-01
1.383569051110872028e+00
-3.294818966108373770e-01
1.913848100140554731e+00
2.959027131190996585e+00
1.171699387717824781e+00
-5.324776673315456677e-01
-9.332199691227648364e-01
1.493578267002977134e+00
-1.043408086330739115e+00
9.636723215718937530e-01
1.699843711131108659e+00
-5.557386300215017699e-02
2.287748547804423271e+00
1.751927835252530041e+00
-7.157336553239008747e-01
3.083609314174374227e-01
2.520701450705631785e+00
1.363384500151410439e+00
-8.438483779809315966e-01
1.702433480288242373e+00
4.993157823999558875e-01
-1.397646790345977497e+00
8.882717040778463913e-01
3.318421274544188226e-01
5.174242179063059943e-01
-1.088466667628760876e+00
-1.248571341418508451e-01
1.437696148110269245e+00
-1.195482924980129757e+00
2.538596331409377349e-01
-7.624627999762415564e-01
-1.311943784738814900e+00
-8.421145205593084659e-01
-1.429886093111192302e+00
-4.095085320201728440e-01
-1.007511565088845762e+00
3.577183814668949968e-01
1.214091981494064942e+00
4.497177699384351524e-01
5.779463471013792653e-01
-9.223616828375399423e-01
-6.580871088241775635e-02
4.660944179277496935e-01
-5.275643480303801036e-01
-1.511290355684685172e-01
-1.125712243343318653e+00
-2.168511636705321155e-01
-9.566526682129364856e-01
-8.340064109114309066e-01
2.840600667300808846e-01
1.044423206056290833e-02
-5.638694994965939289e-01
1.832866491095385575e+00
-1.146397783091546829e+00
-6.499190747811263158e-01
1.211046404943870947e+00
-6.251993050817941100e-01
-1.152028005194217108e+00
7.470874224783513595e-01
-3.015331281662596563e-01
-1.055066104822500739e+00
-1.569662424463964812e-01
-1.235844330840936589e+00
1.810853628736102949e-01
-3.546941149710384211e-01
-1.967804450955101536e-01
1.604879677145139294e-01
2.117644328150970756e-01
-1.392808008960345401e+00
-1.624700315166559272e-01
-1.314202361246849415e+00
-2.898793469302802239e-01
-3.106574210736545161e-01
-5.280201916710254295e-01
1.130717282151600500e+00
-8.930507012394715005e-01
-6.272617093692035573e-01
-1.418376615957640308e+00
-1.539329010892869221e+00
-6.615294692009090483e-01
6.376168492830807111e-01
3.932908424061721253e-01
-2.999710822875159000e-01
2.601018822606701586e-01
-7.939037769707960601e-01
-1.248377806556174141e+00
2.182729653880598697e+00
2.665822632471764653e+00
6.332724022588691604e-01
-1.320459962500921680e+00
-1.759171425290054769e-01
-4.702083250370804879e-01
-7.590989326658499348e-01
-5.976558368537974175e-01
-1.530698514582826686e+00
1.744306936787425100e+00
3.618781945886245799e-01
2.355482988054048654e+00
-2.635919910574976432e-01
-6.407091074410475873e-01
-3.216547341366707280e-01
-3.673324096708302511e-01
-2.340388096620585889e-01
2.917917042378998516e-01
-7.749940724390355085e-01
-7.631680232956697951e-01
-5.483374304845625158e-01
2.484720014284253597e+00
2.432053320962176413e-01
1.199285564842125007e+00
-6.904191894715556721e-01
-3.756494431681040580e-01
4.984036652073002838e-01
6.588233537555501229e-01
-1.098274654539404649e+00
-1.185368794584576335e+00
2.498845808318433726e+00
-1.105156449408217112e+00
-9.371015575293643873e-02
-1.162266692690776315e+00
-5.831506406502657835e-01
3.839273466472359897e-01
-1.171459956994591822e+00
-1.693097641377485418e+00
-1.598728405849244860e-01
1.504684900170482953e+00
8.417763770528362555e-01
1.338769222552892435e+00
1.473508550301823483e+00
5.512015154803375783e-01
4.732108802710290330e-01
5.846113836808362885e-02
8.626144438390410674e-01
1.001451703713007291e+00
4.528129620340922701e-01
1.020967012185338918e+00
2.329114031686906117e+00
-1.099683051363501640e+00
-1.535032862051315838e+00
2.573399096580845757e+00
-9.679371528625231313e-01
-3.808057033407857145e-02
1.419721376647875566e+00
-1.140174915043227433e+00
-4.784814357284876141e-01
-5.081354663978768782e-01
-1.354036352107212959e+00
1.389096571752284071e+00
-1.304984494740447420e+00
2.280523795825165845e+00
1.985697535428617710e+00
-1.063080412563660815e+00
-5.924563622400704777e-01
-3.954177379070426546e-01
1.770661063045962269e+00
-1.507807087367097454e+00
1.105530776593616205e+00
8.809634952728282453e-01
2.630114580687001435e+00
-6.537745701661350495e-01
-8.284131316516250010e-01
-1.121861061313537800e+00
-8.489873136887788885e-01
1.064441775591059708e-01
5.671860880711794284e-01
-8.099488105741803334e-01
-5.698861506678336575e-01
2.827143757864942208e-01
-1.044511040643739896e+00
5.423898253275695192e-01
-5.709554780617528413e-01
-1.003857799983465027e+00
1.749081435327048684e-01
-7.049089516607932593e-01
3.624715181374919826e-02
-8.050597686464071590e-01
-5.337758223857852480e-01
-7.433724751856117807e-01
1.843791719685498487e+00
2.176698023348615507e+00
2.181784827879075794e-01
6.081152861742767923e-01
-3.357063937922817320e-01
-2.907763894699680329e-01
-1.023195895624721574e+00
-8.749722500906792488e-01
4.587462014869191917e-01
-9.575002307056267314e-01
-8.231061637837036038e-01
-9.491947492767799366e-01
9.712734281949664261e-01
-7.166594257549543379e-01
2.010932123065791444e-01
-8.758972913381736225e-01
1.381224760035411725e+00
3.054961061781036324e-01
-8.709009364598759850e-01
6.181966362139600796e-02
2.042920003441174970e+00
4.108310575702022183e-01
-6.703932396422709328e-01
8.133375296272798982e-01
-7.175471217874078711e-01
-2.857167652625788867e-01
-1.478260792993052186e-01
-6.393591981246132816e-01
2.687719730881445446e-01
2.434858081507748295e+00
4.741020365417944471e-02
1.193911625536723697e+00
1.533822857876233847e+00
4.840928074136521264e-01
-1.521721414546104878e+00
-1.368874701110730729e+00
-1.347109422105878807e-01
-2.789471235256145154e-01
-9.621394818870586674e-01
-5.856116513019364866e-01
-1.394752860490501289e+00
9.782243067470637321e-01
-3.451105582873537081e-01
-9.017629364892443267e-01
2.871489841752472127e+00
-2.932092247312025890e-01
-1.144179664386653972e+00
1.641851093213299029e+00
-8.515124745758181346e-01
2.405126079246938886e+00
1.260144289912333293e-01
-1.505263841206718745e+00
-3.754551958055954430e-01
1.550187531838977284e+00
-5.811849266042512507e-01
-7.419626197431186121e-01
-6.887647118395610057e-01
-1.382959397885785036e+00
-4.364091128709389200e-01
-7.948142114541942860e-01
1.107878891109886466e+00
-7.927297312566414789e-01
-1.277576871778967504e+00
-1.009559909624170526e+00
-1.236250395696919746e+00
1.298166641893774731e+00
2.792789394169423733e-01
1.394067721770531065e+00
-2.818681755117203869e-01
-4.878289658998412048e-01
-1.079645022710673086e+00
-6.391823986102397326e-01
-9.242675287871449097e-01
1.061085889953075734e+00
1.332102839331894328e+00
-1.180498686023695010e+00
-2.272051558387196413e-01
2.180986967479845440e+00
1.563031828202368523e+00
-2.583637541296538997e-01
1.285689722366025967e+00
-1.433936234566928203e+00
-6.649368265104419473e-01
2.053862499815558795e+00
-2.469527365490908899e-01
1.649194003752862292e+00
-1.517070647636915015e-01
1.026209276070090048e+00
6.969232872583048799e-01
2.077444182598305322e-01
-8.640862921219696346e-01
-4.476821505598251316e-01
-6.576527663949806035e-01
4.309469762037827500e-01
-1.536851905686940301e+00
2.084728316650291902e+00
1.022830176434141869e-02
-1.339088698240867403e+00
-1.168584388716793265e+00
-8.823352333887315435e-01
2.230891643743904140e-01
1.503040292385015297e-01
2.886058478008836636e-01
-4.726869134363075320e-01
4.482690534109473601e-01
-8.313612774631184976e-01
