2.263720666404808041e-02 1.376946312172618314e-01 4.822307067337922026e-01
2.335713300466480541e-02 1.060903314613471649e-01 5.653974357256544847e-01
2.132236342116386810e-02 1.260517280625727543e-01 8.012039948162905656e-01
2.174297881900164042e-02 1.019650683776875399e-01 5.130163011526914785e-01
2.370902522111968669e-02 1.198156341189066804e-01 7.329130963992795955e-01
2.287674657540938322e-02 1.116934401366197205e-01 8.475484731711713238e-01
2.085422042973865756e-02 1.312474837710883302e-01 6.332576970702874508e-01
2.106461515093275075e-02 1.090071955568734374e-01 8.387529749360634890e-01
2.308210253911749388e-02 1.282504068345255710e-01 5.918928924377946377e-01
2.396168037966009412e-02 1.175941273253257174e-01 4.824410807916649224e-01
2.181132766594071765e-02 1.383438607587346159e-01 7.215629408136188250e-01
2.141447830445571479e-02 1.128702182611163590e-01 6.546791449753285308e-01
2.356171176288416810e-02 1.334291626847691759e-01 8.766373857486335908e-01
2.239883428182706110e-02 1.018044689454250529e-01 7.642376693498424967e-01
2.041840348112330256e-02 1.224772398222439690e-01 5.290072633983136097e-01
2.050395746235798150e-02 1.052754288166461161e-01 5.822137013835748665e-01
2.256994467809496710e-02 1.230354324316808023e-01 8.330913701534533589e-01
2.366823549846798838e-02 1.116360970334451252e-01 7.199672393463065756e-01
2.187776791610407390e-02 1.333075374163238125e-01 5.181037464370441548e-01
2.196849008841484166e-02 1.206688197635541193e-01 8.875657159256492568e-01
2.402226117642022873e-02 1.376264019247794845e-01 6.639640114696910844e-01
2.317130793734818728e-02 1.113468196775324465e-01 5.817131765112240060e-01
2.109857191643457752e-02 1.299733697393194998e-01 7.941293814687956365e-01
2.085576124349001331e-02 1.129183209080991679e-01 4.808048230626760233e-01
2.292885179235776283e-02 1.314510143382766894e-01 7.119682656561264755e-01
2.392858684946605127e-02 1.013047650051221993e-01 8.236398877098425331e-01
2.191523362798859786e-02 1.204966268788810052e-01 5.978004199580353450e-01
2.124633553124078214e-02 1.070151878656741273e-01 7.528784063248489256e-01
2.325591412596533097e-02 1.271994709799725287e-01 5.218933105729731681e-01
2.251863087091988264e-02 1.179209558838655164e-01 6.490368448329428830e-01
2.046192076078286876e-02 1.379631816283628798e-01 8.843588467466489966e-01
2.038840235977675691e-02 1.060161037669147682e-01 4.814978142236506775e-01
2.247256031434844217e-02 1.245469082195956451e-01 7.336868929678785900e-01
2.328428701888618155e-02 1.158559724496631693e-01 8.495967389331087194e-01
2.146803256971227883e-02 1.346814520244297986e-01 6.041433039950168116e-01
2.183389915091470818e-02 1.076627926179724443e-01 7.990699803151153358e-01
2.400012866373760559e-02 1.279871829092549540e-01 5.768446773442958975e-01
2.299186711028074204e-02 1.010250024564378624e-01 6.858136617330594653e-01
2.084058921829795227e-02 1.204748449815488814e-01 8.940674781329498444e-01
2.110156404458406534e-02 1.182664009724676418e-01 6.088883233136017648e-01
2.318136343225542240e-02 1.389286605497841165e-01 8.420883031687238507e-01
2.414664752576441489e-02 1.062047178785759660e-01 6.976858714217319957e-01
2.204767255475702931e-02 1.277717434170748956e-01 4.840043954180992536e-01
2.157720506266064611e-02 1.021872423137302477e-01 8.903191478499170586e-01
2.376571547783569091e-02 1.218853962996402501e-01 6.227958152863268815e-01
2.276737974241617793e-02 1.123227989946790906e-01 5.296986489118117314e-01
2.072061679988991545e-02 1.325960647738363696e-01 7.521869134977758886e-01
2.054980980587323147e-02 1.129681245424338371e-01 8.106052806776645747e-01
2.252801463387594030e-02 1.342399680064413625e-01 5.890897357399975665e-01
2.352279323170660200e-02 1.028869712683718185e-01 4.866221906403003228e-01
2.169520395818802863e-02 1.229322379724883257e-01 6.769471823907781127e-01
2.213036462953586747e-02 1.075156202901578484e-01 6.575972064829145314e-01
2.406704085117443437e-02 1.244303532491020381e-01 8.805153838701833546e-01
2.320619834783155949e-02 1.174424512872887238e-01 7.891411291470926681e-01
2.122898341516787565e-02 1.365093404173714497e-01 5.468628000634928599e-01
2.097883367323180592e-02 1.021010995030889046e-01 7.277372574389414650e-01
2.300015979621048215e-02 1.206507651486057181e-01 4.714083342081202832e-01
2.400852811202166398e-02 1.126903689092772082e-01 6.199748153685296082e-01
2.198687387874458804e-02 1.326458589316089343e-01 8.391468451965961028e-01
2.129731510492820223e-02 1.157439707909660859e-01 5.635843568173030116e-01
2.320188711874943480e-02 1.373880767487472565e-01 7.678431214006805616e-01
2.246354878925556353e-02 1.060707357007850821e-01 8.863348098895033056e-01
2.035290028668665721e-02 1.261537758542413956e-01 6.679972756740788498e-01
2.047455108347128946e-02 1.010822926305223191e-01 8.754532840647368808e-01
2.250161177401898208e-02 1.227214334997172446e-01 6.548756806659657981e-01
2.339630961699453587e-02 1.127537728338512818e-01 5.501337608491599918e-01
2.148475144667970349e-02 1.335304429230930734e-01 7.829617137099978974e-01
2.187262666159008051e-02 1.153136677438086899e-01 5.734640175726549716e-01
2.392332104380372540e-02 1.341907146173996757e-01 8.015198922783175473e-01
2.288144506573001197e-02 1.059543128999600459e-01 7.063247256463763835e-01
2.088905339289774676e-02 1.258345399703123535e-01 4.869857346574664736e-01
2.127210194578621136e-02 1.122495783121228441e-01 7.638611864839833787e-01
2.317709527099745884e-02 1.302784670134282397e-01 5.404632006994509741e-01
2.406571567000270750e-02 1.008776515785175382e-01 6.317578690236229644e-01
2.218252132211197616e-02 1.202367940956658027e-01 8.543460474987398801e-01
2.163212764404750035e-02 1.088448952561770489e-01 4.702399346962117255e-01
2.370339699447130549e-02 1.286694919615082033e-01 6.779167639158486525e-01
2.275927200535015488e-02 1.180826276222441268e-01 7.854680353175297336e-01
2.075240676547872656e-02 1.375425280682289753e-01 5.642238281924807364e-01
2.088118325464356773e-02 1.203005858861069255e-01 5.394875059809067785e-01
2.270176743431395402e-02 1.382155227380220952e-01 7.447034246712093131e-01
2.359119502200673554e-02 1.087235789194001684e-01 8.826222018098353050e-01
2.156912676397032547e-02 1.286254374128872058e-01 6.435793044515681904e-01
2.225543925021639113e-02 1.031332496173538171e-01 6.783199924813455572e-01
2.404093146739517614e-02 1.218113636751917972e-01 4.854923486284606349e-01
2.332034837915359163e-02 1.140941585364103200e-01 5.841622164472721757e-01
2.122262079344311089e-02 1.338405215450680363e-01 8.119045751910218822e-01
2.087774231362312174e-02 1.064115658561474859e-01 6.846823121601266493e-01
2.308842819310366612e-02 1.261308940439690163e-01 8.929339689397293167e-01
2.401283504936269769e-02 1.187039181566598017e-01 7.572444499517223537e-01
2.212636414484621741e-02 1.374868167238452732e-01 5.410152106368717462e-01
2.151922849784162345e-02 1.120294317522484012e-01 8.338976424913202568e-01
2.367506014235225970e-02 1.329437889663601657e-01 6.018923608766100219e-01
2.259130471371590190e-02 1.025073863150365722e-01 4.805107419438853222e-01
2.047526831027737457e-02 1.204390702403953656e-01 6.991210518046726552e-01
2.050939317367824269e-02 1.118388456076036402e-01 6.517331873584010227e-01
2.257457316308737055e-02 1.315235292269823220e-01 8.731871158616648643e-01
2.361167267751826740e-02 1.023193412209656011e-01 7.711837932114197214e-01
2.137849875843840161e-02 1.215512665581402058e-01 5.375944542644626178e-01
2.191183716967607872e-02 1.049400432722690513e-01 8.163581281880242235e-01
2.390053535791027486e-02 1.253394614235747162e-01 6.131437597805390327e-01
2.294359717718515157e-02 1.153887222477953250e-01 4.666092687595690958e-01
2.092548635018580058e-02 1.356750019427598042e-01 7.184608491645665396e-01
2.144225413019565721e-02 1.057349371388940501e-01 5.559205800455815361e-01
2.331925080905121808e-02 1.238294377675407260e-01 8.032945492253352748e-01
2.403745089876957799e-02 1.119140964913567238e-01 8.988222005632677813e-01
2.202614237351119969e-02 1.341634225676966718e-01 6.954361665563281170e-01
2.157869911950957911e-02 1.193682853944401240e-01 7.302786940928622794e-01
2.371105907297717946e-02 1.373417838105503719e-01 5.162346463289930742e-01
2.270877093001968938e-02 1.091429197137274015e-01 6.358525154850257488e-01
2.067822490894892853e-02 1.287051260231145688e-01 8.408655074438320387e-01
2.051297944530933171e-02 1.102216442172049282e-01 7.788214449247022886e-01
2.258205254883108304e-02 1.291626025091361929e-01 5.644841712593161587e-01
2.347175856176429362e-02 1.187925977551424067e-01 6.721286745459708056e-01
2.131214850265568048e-02 1.380793571124918906e-01 8.893963043142627534e-01
2.211939991512826276e-02 1.142867207259912893e-01 4.787655093854545907e-01
2.415739995114323663e-02 1.339245860397759169e-01 7.132801393729714112e-01
2.296763430613222787e-02 1.042446147588562411e-01 8.223309924540825877e-01
2.103394233790225817e-02 1.237880472794850861e-01 6.065686179892560981e-01
2.081808084254871752e-02 1.177994624308452004e-01 8.458255186192875641e-01
2.280609210057071845e-02 1.371198881205880904e-01 6.179540519019873779e-01
2.365707691782261216e-02 1.052926910249724068e-01 5.088614182825301757e-01
2.159676719880699799e-02 1.254619613966744818e-01 7.477639454231936877e-01
2.128988104382896832e-02 1.020417816682275824e-01 5.879600225433750937e-01
2.323450736185527638e-02 1.196548589508638488e-01 8.150933228074271897e-01
2.235938757961009049e-02 1.119676759489057621e-01 6.621429960476513665e-01
2.043641630588865707e-02 1.294528324265876718e-01 4.783422076594993078e-01
2.041377682855616965e-02 1.143215103796286769e-01 8.594287883155677932e-01
2.232272859659479441e-02 1.323099656526330326e-01 6.196458305937410094e-01
2.311780237450336561e-02 1.015643086222268038e-01 5.291793015503143405e-01
2.116568604173945864e-02 1.257282993299604912e-01 7.604809242947666581e-01
2.160306227146101959e-02 1.055950665842692870e-01 5.898923899117343161e-01
2.369341631992512645e-02 1.258775496633041113e-01 8.133212754941444578e-01
2.271824536737273095e-02 1.163808439008738871e-01 6.941792806836722951e-01
2.099158962138008427e-02 1.367062386972401344e-01 4.766726032528617596e-01
2.091426943480639844e-02 1.040754260694402855e-01 7.863410767605565344e-01
2.313893370150744630e-02 1.265589167179106966e-01 5.589555630318899793e-01
2.402554873330845636e-02 1.141244557787063629e-01 6.750892454509525020e-01
2.181604683177007856e-02 1.331782384543817588e-01 8.906280254894199944e-01
2.149503844380748832e-02 1.179480453267233303e-01 5.271934070549078033e-01
2.359495965110894322e-02 1.378440442714757297e-01 7.395172882876538401e-01
2.243843345853699031e-02 1.109365554240402396e-01 8.423062086359375256e-01
2.040802464589848778e-02 1.287939989044893929e-01 6.295816334961152894e-01
2.041093451717965190e-02 1.089812114409788868e-01 5.579516411966874978e-01
2.255422703786461383e-02 1.287640876796519729e-01 7.957918372924970285e-01
2.353457154171180454e-02 1.184889226420995645e-01 8.923902465543205320e-01
2.171461438171300162e-02 1.370728401852645273e-01 6.719022994596371978e-01
2.215508993925548870e-02 1.136009242693074850e-01 7.413335917081920190e-01
2.407919780136218851e-02 1.336496511972034840e-01 5.250562352789723830e-01
2.307691533102246631e-02 1.021767672988199704e-01 6.267470720173617948e-01
2.111349410195750148e-02 1.226789026985637965e-01 8.493010127465530079e-01
2.066570566349140020e-02 1.151743168953648783e-01 6.373131678016262791e-01
2.282295418239941448e-02 1.354999630791612342e-01 8.510565521522749366e-01
2.401832101857873797e-02 1.059212652123806414e-01 7.725392470200109774e-01
2.185197431259991094e-02 1.246628945674656402e-01 5.248398963180802568e-01
2.144750761501363137e-02 1.017201892111508632e-01 8.127548143164931016e-01
2.319991642422447597e-02 1.208161549624275632e-01 5.755126583408426422e-01
2.251566434571061759e-02 1.094317231315419664e-01 4.739036277580671586e-01
2.044737983319189559e-02 1.302503575067573971e-01 6.840562942065707697e-01
2.038388995361431477e-02 1.025398524301716074e-01 6.560026627196389182e-01
2.265678352936052048e-02 1.220305024477896794e-01 8.969457271901678519e-01
2.344524907481614767e-02 1.109963614836892015e-01 7.767558610655552753e-01
2.131582671560890846e-02 1.318096068293932444e-01 5.537524878596258304e-01
2.179969481743670653e-02 1.151146565437631275e-01 8.253151662334562433e-01
2.407388589125560030e-02 1.372346578947231110e-01 6.002192158641085351e-01
2.278884056375619221e-02 1.055444749916567698e-01 4.848688536851756270e-01
2.096301681120927782e-02 1.256312926512032913e-01 7.057409142012538439e-01
2.117790690466527653e-02 1.150072014296492084e-01 5.073195220364690172e-01
2.329014948001954799e-02 1.344671280370703104e-01 7.552456949093948602e-01
2.413010604898516154e-02 1.036257920995813375e-01 8.563365442589732091e-01
2.218684489602616022e-02 1.239587171387440123e-01 6.141652040170034743e-01
2.173652975314273317e-02 1.096602411288402357e-01 6.661061387040257964e-01
2.366940105453317622e-02 1.287983589194280076e-01 4.740552603062538894e-01
2.269679688085864469e-02 1.205690899291866486e-01 5.604433256299247157e-01
2.057323406071475541e-02 1.381132505597547910e-01 7.880268912750134636e-01
2.045615329151213857e-02 1.175249187031892906e-01 7.291710146513339375e-01
2.248717267897172231e-02 1.384435483491315566e-01 5.273560817027509451e-01
2.337675282579544309e-02 1.081052476832920078e-01 6.214347762177734324e-01
2.141739709236210529e-02 1.282763318081276138e-01 8.516124881728910356e-01
2.208463646456244184e-02 1.017106190411104505e-01 4.825879184927098775e-01
2.409538961839119767e-02 1.232382613794962001e-01 7.016261752614523228e-01
2.307199933066522018e-02 1.138731100938508850e-01 7.997425995361270301e-01
2.100356533318331262e-02 1.336194831545035322e-01 5.691627056947436980e-01
2.094882048961629883e-02 1.056113922589337201e-01 8.764473213665189277e-01
2.291823334453999342e-02 1.256044522089470039e-01 6.404710924481835654e-01
2.377825490378990270e-02 1.147834877497821982e-01 5.665880956355274778e-01
2.186818725568138305e-02 1.340671908081526587e-01 7.869828667752530871e-01
2.150645265311926235e-02 1.094630862613983208e-01 6.207020203350149812e-01
2.360777768805350646e-02 1.305462834988133369e-01 8.377714894234049581e-01
2.252536408652214620e-02 1.014506384330020328e-01 7.090378968972383955e-01
2.052168071064510574e-02 1.209401220239136876e-01 4.760952885600423512e-01
2.046642424382207059e-02 1.066702017519666063e-01 7.577474374575224880e-01
2.233468619731470220e-02 1.266789330019164328e-01 5.294835733186884497e-01
2.322143333998917536e-02 1.167139536104581654e-01 6.292824524168426636e-01
2.129401275608087951e-02 1.360146252347380902e-01 8.588569279300353188e-01
2.204242639286200373e-02 1.095260634910252412e-01 5.759158066330548609e-01
2.403899501441878611e-02 1.303147714104197774e-01 7.973417196266444629e-01
2.303566187066949031e-02 1.033053622509387814e-01 8.963627092625533477e-01
2.079851246454938324e-02 1.211608099941976907e-01 7.220562976068199967e-01
2.117237370883771203e-02 1.191481696660538075e-01 8.088758373943736313e-01
2.321793668493160601e-02 1.375877657814986721e-01 5.794672613129383532e-01
2.407510634861212417e-02 1.089538695440573218e-01 4.914042697032997009e-01
2.213981853096366748e-02 1.295785924464811778e-01 7.092988509164120936e-01
2.170649235937231400e-02 1.062777019543801188e-01 6.538535747738999371e-01
2.368025509000944162e-02 1.247228097694665638e-01 8.979645913035776417e-01
2.251118091559539333e-02 1.141971615663628092e-01 7.757462758119348933e-01
2.045434878737747292e-02 1.330971841873564987e-01 5.385515336247055362e-01
2.084600537835838013e-02 1.149481432162018368e-01 5.860082167432159039e-01
2.289034351725367095e-02 1.343523661589557383e-01 8.057219662099637247e-01
2.377318089276609855e-02 1.026784130093603420e-01 6.767345562285154159e-01
2.195173810832826145e-02 1.226291114893655609e-01 4.746262255742875746e-01
2.226448555507571508e-02 1.072008800709668003e-01 8.325168009127650315e-01
2.415223926988725733e-02 1.290756035351614539e-01 6.263095877132849321e-01
2.327226594603129181e-02 1.188682535819634012e-01 5.036818707722621191e-01
2.135996308360485138e-02 1.371864940463915217e-01 7.383982977951655258e-01
2.103840518318606662e-02 1.011391846471018374e-01 4.674446269328211834e-01
2.304259984790590562e-02 1.190562881822514463e-01 7.054827372384966377e-01
2.399915457619149553e-02 1.107491947647357283e-01 8.172915846919491800e-01
2.189272698318333113e-02 1.294763682519480819e-01 6.025497670423043406e-01
2.119744501428447864e-02 1.162636775420766433e-01 7.799600485582546261e-01
2.338513042508867656e-02 1.351194354326458458e-01 5.599275256100136877e-01
2.247755058315571014e-02 1.038740759830212856e-01 6.674883743121060586e-01
2.045338903080078097e-02 1.248317970508560359e-01 8.886296924522014695e-01
2.079442762297217112e-02 1.183628489220985985e-01 4.653698950187319938e-01
2.237612173588673231e-02 1.378817413839650563e-01 6.898489304192221283e-01
2.362639419030520757e-02 1.093596819496349959e-01 8.114220595904836353e-01
2.157305197663425891e-02 1.287315508527879238e-01 5.866015148816863256e-01
2.198853477684504024e-02 1.011707903849984186e-01 7.256731494601592614e-01
2.381781530856737911e-02 1.212791078904606884e-01 5.183220984392190589e-01
2.302907856135866238e-02 1.117623951408200367e-01 6.236031932004010292e-01
2.104955944205573470e-02 1.319033051805207357e-01 8.445909033614920070e-01
2.111644835711374776e-02 1.084649101230877599e-01 6.300946694665263692e-01
2.311517588460929723e-02 1.295011308139113193e-01 8.559095761668136237e-01
2.409360929056129225e-02 1.194659062362613683e-01 7.027392635264704257e-01
2.212935333076495453e-02 1.374112060699609894e-01 4.911445159374741021e-01
2.171783833510083569e-02 1.139925768070329248e-01 8.718861378321760558e-01
2.361486899151087407e-02 1.343004901403219986e-01 6.518812191104550458e-01
2.283840099129299389e-02 1.055070143754202883e-01 5.466531066617650314e-01
2.077044406324894329e-02 1.246932691045592456e-01 7.574630053786761685e-01
2.078310603981188207e-02 1.051657853948633620e-01 8.486421614635693000e-01
2.261826600399878193e-02 1.261746351358654095e-01 5.999061916948144058e-01
2.368720711642073942e-02 1.139056124686683297e-01 4.977227479245475150e-01
2.162326381204825870e-02 1.350598632154086931e-01 7.246724364911928395e-01
2.217380893609690803e-02 1.158057433482311688e-01 6.873395965304768263e-01
2.393990460028636025e-02 1.393169945947610455e-01 9.013720583597705227e-01
2.312838094818430237e-02 1.083740612465499270e-01 7.912989545068102037e-01
2.104703396444451355e-02 1.273719635897139768e-01 5.746139371634904069e-01
2.086415255264984989e-02 1.095596250436515623e-01 7.162329102612002840e-01
2.291283470624153398e-02 1.327294315659119928e-01 4.779384699904537515e-01
2.396829145285668192e-02 1.017755280046829247e-01 5.838043112350748132e-01
2.198134526215985568e-02 1.219466257744655224e-01 8.002006100249935416e-01
2.148131283989557910e-02 1.061611588594256889e-01 5.145814772868915199e-01
2.339996526857274564e-02 1.268170389516815599e-01 7.589686254322913772e-01
2.213337527324113485e-02 1.159699530936369183e-01 8.914466280007259380e-01
2.052791671938795914e-02 1.378611981776105277e-01 6.275177591951398570e-01
2.048375254571165038e-02 1.045409739060068899e-01 5.260406149434135870e-01
2.232775917817308303e-02 1.247652299009818777e-01 7.793155171639183365e-01
2.312281482310758404e-02 1.134819821874829271e-01 8.896669020361178681e-01
2.112570135610545782e-02 1.339505594473826555e-01 6.453483943792769351e-01
2.175216174248913864e-02 1.189692732135844006e-01 6.824551196129160502e-01
2.405625447441380599e-02 1.377669533342726349e-01 4.868614982785204326e-01
2.277747926969499181e-02 1.085237020422870485e-01 5.780437713777514253e-01
2.080954842728519050e-02 1.285840532229388933e-01 7.917395047421647014e-01
2.093007675223260144e-02 1.131751046104401692e-01 6.740463672241510107e-01
2.305113852919909653e-02 1.324215804340867775e-01 9.018930258733823813e-01
2.408452767710383274e-02 1.030210854656285202e-01 7.847952584098841777e-01
2.188897800424283516e-02 1.200051936974591976e-01 5.353076481433343137e-01
2.155652695645373512e-02 1.073715366236554780e-01 8.450282850625407960e-01
2.351378198743529074e-02 1.259330622824156032e-01 5.949227424759848670e-01
2.240421668372681932e-02 1.197607833654135978e-01 5.256338788955492447e-01
2.042087593064928139e-02 1.376012341093929281e-01 7.345009856409259186e-01
2.076670014074771115e-02 1.147884348839015994e-01 8.871829050145427775e-01
2.273691867398761751e-02 1.331457192598581585e-01 6.643647130311040039e-01
2.372238435990505628e-02 1.058111524676004778e-01 5.808601421589918434e-01
2.180673081787780007e-02 1.255623516979320065e-01 7.887075956565682278e-01
2.218336000208126144e-02 1.027712335561036666e-01 6.399377359963375200e-01
2.414153933233271349e-02 1.200742582271993597e-01 8.447941680300058431e-01
2.305446591740063778e-02 1.098480984865292803e-01 7.306941218640146118e-01
2.107346167770383569e-02 1.296163656736742109e-01 5.261897689320734761e-01
2.088655553898208575e-02 1.082872256595535237e-01 7.749399729289296879e-01
2.286188135666957638e-02 1.275409320985420036e-01 5.382523982972191590e-01
2.404652444989624840e-02 1.180125437089272894e-01 6.528240521584406375e-01
2.209205543064714575e-02 1.390647693861371270e-01 8.854172108695754773e-01
2.138432079843882380e-02 1.121235154188767597e-01 4.728587130097572366e-01
2.337321976132302262e-02 1.316825783649533121e-01 6.909174026035955762e-01
2.266153462586981138e-02 1.022344777051155673e-01 8.358676426486016942e-01
2.038630915247386169e-02 1.218635596595303711e-01 5.847261531621551489e-01
2.047982437328836960e-02 1.154039067732521295e-01 7.706983429990745815e-01
2.246011112870854171e-02 1.348537898717794836e-01 5.429450374371670440e-01
2.342074963342608007e-02 1.048005567771809615e-01 6.508210632258667472e-01
2.137166514148160223e-02 1.248840974931698100e-01 8.850405442033466574e-01
2.178885907882949571e-02 1.106834271195556024e-01 5.220540212615063513e-01
2.375726050015829205e-02 1.300539535989651552e-01 7.271725384547275128e-01
2.289921539863378278e-02 1.186678729588343667e-01 8.366824287018642670e-01
2.108282546137029562e-02 1.384586067963811118e-01 6.012312566888847742e-01
2.125705286977613503e-02 1.023652683823560450e-01 8.629897035959586127e-01
2.328691786699724209e-02 1.211352938170658367e-01 6.334376690156741097e-01
2.403447883572062960e-02 1.130913960795037615e-01 5.213425022211010118e-01
2.217970989932550527e-02 1.336919570604668817e-01 7.486304593674050212e-01
2.159290270171461759e-02 1.184117330271636792e-01 5.774730561476864032e-01
2.359451801484416938e-02 1.378427689991952865e-01 7.988331560684750476e-01
2.255678880752200535e-02 1.086331633596755580e-01 6.966049594571733783e-01
2.083233064216554603e-02 1.302202005414761221e-01 4.859827289046537713e-01
2.075117258867117259e-02 1.048958649717351976e-01 6.411811077416708082e-01
2.272605473552309976e-02 1.257687786894372550e-01 8.607093758369923631e-01
2.372634314807771025e-02 1.153416849575897296e-01 7.535803342026802243e-01
2.167244634914658810e-02 1.382305272179466804e-01 5.150763001841449640e-01
2.210795309333351416e-02 1.126608038729487588e-01 7.970919720118005980e-01
2.403549333562989346e-02 1.323938288226262361e-01 5.803754217933387860e-01
2.304704378914661927e-02 1.025105033300941632e-01 4.784778871966687830e-01
2.126566567458716694e-02 1.198712149316190079e-01 6.890386253810786288e-01
2.098317924293905540e-02 1.177052022596838388e-01 5.517249735760784146e-01
2.283517345327677403e-02 1.385052580916012466e-01 7.948047357012095748e-01
2.401778277073233006e-02 1.058700534783661579e-01 8.893272079248137896e-01
2.182926078100877118e-02 1.268426558757178857e-01 6.866600844857350117e-01
2.149920005487553770e-02 1.019273528979583870e-01 7.321787021260808270e-01
2.322963689677353533e-02 1.244943762045317981e-01 4.844389868840618951e-01
2.239288694812943681e-02 1.137172249330531681e-01 5.942104058779793530e-01
2.047194915779084606e-02 1.323385148866405292e-01 8.304770224081291508e-01
2.042520224900202380e-02 1.168817099655552888e-01 6.150489234320559717e-01
2.250257464636412630e-02 1.380591453437322036e-01 8.405483690193893409e-01
2.340486310723817812e-02 1.091000064228756505e-01 7.113794914662974200e-01
2.123993742670770776e-02 1.290945235301600436e-01 4.851174393299284571e-01
2.203518062309412287e-02 1.020784144657339854e-01 8.925114998108483189e-01
2.379922341009226699e-02 1.226027559273486361e-01 6.734415504644608585e-01
2.281948778189940574e-02 1.132717897035824817e-01 5.723417676001967269e-01
2.077461978683689189e-02 1.332080860658025612e-01 8.000079668646263853e-01
2.096962675118171568e-02 1.085791367141301644e-01 4.842941001809573098e-01
2.289440098768816961e-02 1.267166235110298578e-01 7.164995107583065348e-01
2.407256479401795671e-02 1.182792816654734819e-01 8.039883780661585266e-01
2.196066909986736301e-02 1.378268823890559380e-01 5.912846712334277610e-01
2.172179191805639203e-02 1.092347343844812385e-01 7.513429673311797785e-01
2.358571245300634597e-02 1.315467162687032898e-01 5.268536731123023564e-01
2.257890207217066320e-02 1.018499571600713083e-01 6.461310534032420616e-01
2.053861811902223458e-02 1.222991568669984791e-01 8.565919970500228686e-01
2.061036273692101392e-02 1.007330433641635964e-01 6.924244508382150221e-01
2.249230464144487060e-02 1.213501952850628424e-01 4.809600925468022203e-01
2.370620880890928622e-02 1.104722686135480025e-01 5.893398175496598057e-01
2.160985002837404606e-02 1.297549698594234469e-01 8.079382244209400987e-01
2.202503751563124335e-02 1.162289008587619188e-01 5.303264956064580593e-01
2.420953210677573644e-02 1.355528193339119725e-01 7.617717016329662583e-01
2.326513892493268718e-02 1.058305788724130808e-01 8.917614627393523064e-01
2.120510655280766904e-02 1.244693946769453996e-01 6.640609058847327661e-01
2.090217597625517593e-02 1.127728179291091620e-01 8.506839588900942939e-01
2.287119635775421503e-02 1.319358609642348468e-01 6.302509501019309957e-01
2.402145153434431454e-02 1.013970611117211568e-01 5.319103471889328194e-01
2.190445339955541734e-02 1.212287628142106888e-01 7.646593059245564428e-01
2.131446071460162128e-02 1.110314201533904033e-01 6.759737690041336400e-01
2.340954031845050159e-02 1.292016862619974338e-01 8.869357470511251007e-01
2.236987844760817898e-02 1.189065029894923603e-01 8.177845108127228535e-01
2.043945276105864003e-02 1.372808083727738993e-01 5.811269584355139850e-01
2.049434065630305335e-02 1.094404917790026410e-01 8.249293037203289103e-01
2.259850388310172264e-02 1.289786463539639161e-01 6.120357782379803879e-01
2.341641445888177978e-02 1.165302015588587647e-01 4.731234323349226001e-01
2.124871573505069181e-02 1.374505248533860746e-01 6.943576492384339049e-01
2.189688898566494180e-02 1.138281304304912395e-01 6.645434324872292464e-01
2.404797748337258664e-02 1.346749296844386157e-01 8.864779040057307880e-01
2.281016410273912359e-02 1.024402247913411279e-01 7.518820178906000518e-01
2.083866563683967749e-02 1.249580159430828813e-01 5.433141284336033827e-01
2.135231695544298827e-02 1.152349816200285981e-01 7.259541047088906573e-01
2.331702145486153413e-02 1.346491606479821301e-01 4.988883377628671734e-01
2.420263126202902570e-02 1.055570430123799197e-01 6.388373562713576259e-01
2.215076271069621808e-02 1.243683986042861955e-01 8.294585188523404540e-01
2.167648289527359870e-02 1.014318673908217311e-01 5.646710882992203029e-01
2.387381828349458002e-02 1.215320946951613246e-01 7.950845808670432557e-01
2.253429344294657563e-02 1.102584551847038408e-01 8.877362766157741447e-01
2.074895308452180676e-02 1.322552528939978933e-01 6.886709850996305393e-01
2.044997892496300262e-02 1.107694535113138423e-01 4.855815999391737137e-01
2.251473389325487143e-02 1.303280531204483172e-01 7.203215411113035316e-01
2.354938485276993759e-02 1.016163651779745797e-01 8.340955210204681336e-01
2.152295676446894929e-02 1.216518576759220011e-01 5.952491410946849637e-01
2.201072944826688166e-02 1.057681017158458858e-01 7.554137474655998608e-01
2.416621573042233850e-02 1.247820187489305649e-01 5.464898380569203074e-01
2.297809551949761206e-02 1.156744805249942804e-01 6.604338874581034968e-01
2.086480752699904420e-02 1.341129606604364866e-01 8.832052794070561763e-01
2.082683396009233148e-02 1.023072764326475037e-01 5.710811944868550150e-01
2.277467490416962975e-02 1.221899077627009306e-01 8.140795124498243496e-01
2.365308903704681567e-02 1.111995115724896815e-01 6.636645536297435255e-01
2.159973001055031858e-02 1.315793346284918064e-01 4.827849859091843943e-01
2.134245462765791898e-02 1.175610444881609179e-01 8.553021912161257179e-01
2.316710724167602223e-02 1.381684042646045274e-01 6.393516095693055901e-01
2.236459846742511887e-02 1.066316575253976467e-01 4.986815825357626131e-01
2.037866115037523587e-02 1.249767383168660789e-01 7.249022117582890612e-01
2.044431776277294555e-02 1.185491539235567215e-01 5.191698764227283824e-01
2.224762779337090962e-02 1.369520493794992300e-01 7.426567228341536264e-01
2.330514119275728727e-02 1.066969740480393225e-01 8.374502598922012320e-01
2.140417626900768117e-02 1.262271094202256083e-01 6.097821353155677970e-01
2.179324415690516575e-02 1.010564615834747687e-01 7.816886462292664817e-01
2.363247295980182988e-02 1.221763070454695704e-01 5.713158176219532702e-01
2.283333291044332622e-02 1.121457292323902871e-01 6.833804464175017301e-01
2.079577826454515055e-02 1.306531157785043584e-01 8.982346039785481517e-01
2.101427533531800840e-02 1.058983233314107625e-01 5.996560065027282116e-01
2.293966173636339395e-02 1.251821166713811273e-01 8.187123496475555706e-01
2.405545792963277585e-02 1.149783620740095214e-01 7.235427835735767088e-01
2.174667548673414261e-02 1.361264100522655285e-01 4.766784966374185140e-01
2.164568989465176160e-02 1.098163531527846792e-01 8.820298006341245056e-01
2.332548271704157003e-02 1.306314483453813180e-01 6.376012767943842752e-01
2.255954669370376781e-02 1.021384263750759747e-01 5.370869132371998145e-01
2.044143703979442450e-02 1.213346813769336785e-01 7.543463015211092637e-01
2.052640658530270265e-02 1.000445274743470697e-01 8.185208475514670345e-01
2.235320518371790993e-02 1.204184306973285212e-01 6.049190910677408883e-01
2.361721735244258838e-02 1.102313310107336797e-01 4.801064284103299107e-01
2.166306850578755827e-02 1.306936273803289139e-01 7.018191410527538920e-01
2.209080974392484131e-02 1.168070828768221214e-01 6.382229049454206660e-01
2.398172626485950767e-02 1.374740404149974449e-01 8.383142949655477683e-01
2.300893638005967537e-02 1.056289510483489624e-01 7.605875168912610285e-01
2.122481322884017460e-02 1.252616480751631567e-01 5.125542506621841854e-01
2.078838235689389399e-02 1.133388162887254830e-01 7.466763291304923111e-01
2.268809770376041535e-02 1.321312649791542559e-01 5.167404735610207078e-01
2.370061695103213226e-02 1.021142798836809362e-01 6.265783737439631906e-01
2.183734708268285016e-02 1.232728781491663206e-01 8.625760344839343841e-01
2.114463217008497042e-02 1.105966287221982064e-01 5.790811040301762080e-01
2.326740236890473962e-02 1.290100575254787274e-01 8.122752419871509533e-01
2.250843515648858970e-02 1.192838382723081236e-01 8.789186687925729657e-01
2.039867552938131115e-02 1.366414099947820537e-01 6.792280214245154379e-01
2.037484895567353085e-02 1.081664113468182864e-01 6.895139968498207317e-01
2.254839950290311174e-02 1.299853715788287511e-01 4.926578053235703414e-01
2.356781355260341784e-02 1.175017517975041198e-01 5.864033760678057927e-01
2.147398460125701444e-02 1.377276065509496772e-01 8.166691485435231268e-01
2.219551825020584304e-02 1.114305069081059640e-01 5.265668668046430412e-01
2.408144583599530070e-02 1.312009938756258376e-01 7.456131856181970052e-01
2.306586670544812784e-02 1.011865629478332779e-01 8.455480867775533316e-01
2.095247901461380624e-02 1.214618286915826462e-01 6.429792859466264554e-01
2.125068528008748625e-02 1.145942892210282810e-01 8.310193162976748926e-01
2.326193040340055612e-02 1.340193684224450787e-01 6.106411497331475369e-01
2.393858226870486383e-02 1.057150016119040442e-01 4.717572778251835630e-01
2.220504836962405859e-02 1.250547925371784108e-01 6.801504860511683459e-01
2.184893795330251562e-02 1.022884534975549431e-01 6.693127410395645072e-01
2.390513977829883049e-02 1.208916236635435709e-01 9.065421185000355209e-01
2.273384490376450726e-02 1.105674090587526470e-01 8.046996022077448352e-01
2.069058343508090730e-02 1.304160035848581645e-01 5.720845331426953617e-01
2.046256819387654718e-02 1.130652850346998001e-01 6.037604434916369334e-01
2.244762869092645219e-02 1.328718319888081145e-01 8.282425427079438407e-01
2.361076689704825343e-02 1.023495625135356218e-01 7.241107207201946672e-01
2.143518465709771947e-02 1.223090476266501248e-01 4.879411695939431248e-01
2.187628962451027004e-02 1.065904672641519169e-01 8.793329531220315243e-01
2.393210633638984813e-02 1.260608392315636928e-01 6.577537520870212484e-01
2.306677572621187652e-02 1.171344381219252412e-01 5.563477569028949521e-01
2.114276976530588339e-02 1.368680237000430844e-01 7.849612314951353031e-01
2.080618514101184244e-02 1.047264360576815601e-01 4.897869302619768939e-01
2.263550968354237011e-02 1.248128510492254456e-01 6.913327909641465707e-01
2.357506431980850928e-02 1.145299345878545982e-01 7.932544710399944687e-01
2.172592799503045985e-02 1.344486316747308396e-01 5.621961768859092823e-01
2.113364948045575939e-02 1.196064180896061202e-01 7.421338900050340470e-01
2.324462929856821458e-02 1.386455388810867162e-01 5.349232238767784864e-01
2.242782868371715269e-02 1.097104994271204392e-01 6.077201620728720499e-01
2.037183245585773989e-02 1.298415207305695929e-01 8.814404815930372283e-01
2.039535796959866809e-02 1.025731205172184662e-01 6.104257745717960315e-01
2.225357792547886376e-02 1.236346982315834897e-01 8.760362093178029053e-01
2.325933870591504610e-02 1.147026365010800492e-01 7.491923846403925058e-01
2.134788335440013576e-02 1.340403067792135527e-01 5.216546033835632867e-01
2.143977128372584473e-02 1.188109936036408076e-01 7.904869249228617667e-01
2.366186533295958419e-02 1.383606006066633587e-01 5.748319747431931415e-01
2.286872106139028332e-02 1.110940632020244040e-01 4.829985280805588754e-01
2.078070434561920740e-02 1.281929761777659549e-01 6.809942882372372885e-01
2.095826471010506578e-02 1.117955624222491257e-01 5.520880369096199392e-01
2.302052740788960647e-02 1.310418597006098862e-01 7.786547914152261995e-01
2.399487769755294722e-02 1.018906800241279886e-01 8.943737836259573193e-01
2.199915073004238275e-02 1.209964993946180817e-01 6.595408485347359351e-01
2.164951653764923128e-02 1.060437307022713271e-01 7.130561945291640225e-01
2.354284493278175142e-02 1.249950227320338475e-01 4.923430404549496986e-01
2.264145931259290909e-02 1.172442820214234793e-01 5.907718978699585399e-01
2.051483699365677649e-02 1.371031997037818473e-01 8.365070219581853816e-01
2.082429674825418339e-02 1.178584827083623970e-01 8.061561084671279298e-01
2.276524120959550271e-02 1.379273133059751300e-01 5.613995171607646384e-01
2.367809420264576845e-02 1.071468594337722513e-01 6.935408372675082589e-01
2.174349811189014645e-02 1.263533029067437363e-01 8.958901790941284915e-01
2.214663907710505766e-02 1.021463515574986824e-01 5.344490866339575152e-01
2.410921458080004035e-02 1.227747135406799667e-01 7.551067315765823684e-01
2.332835400485496966e-02 1.101208454531110020e-01 8.350777187768334553e-01
2.121536260904115928e-02 1.305633057781868944e-01 6.134449870803582172e-01
2.102243195928359815e-02 1.099779226526907683e-01 8.802917803712371203e-01
2.294680697733975788e-02 1.296516776926126824e-01 6.563679387648047037e-01
2.400443318963171174e-02 1.186477775440229199e-01 5.430988125482174578e-01
2.207290933496575472e-02 1.386086931084047624e-01 7.734363683785420163e-01
2.154613010721465050e-02 1.141747843785057281e-01 6.008973662456904563e-01
2.335289224624268259e-02 1.332836921598021529e-01 8.093740235064668109e-01
2.242106192666407094e-02 1.053331980605634460e-01 7.369017293459154683e-01
2.040357731329311627e-02 1.253578859934132705e-01 4.909339593402619051e-01
2.045191424052189913e-02 1.138576219258968375e-01 8.975764937555918976e-01
2.239021033024934590e-02 1.333403646584712943e-01 6.743069652245223811e-01
2.357922923589533468e-02 1.019177435900513601e-01 5.436841655332970147e-01
2.150979883761016190e-02 1.225104721295326854e-01 7.719341083882627075e-01
2.197286575255593885e-02 1.067491803362220076e-01 6.158905028896823897e-01
2.395628881982760430e-02 1.277317789361950007e-01 8.416463284322266425e-01
2.279300445656243235e-02 1.169493604864812047e-01 7.405915960969501333e-01
2.087267679157708139e-02 1.379949451120983939e-01 5.060106626141573916e-01
2.107084411443488001e-02 1.018816090741709729e-01 7.730042264910805816e-01
2.330277311573715829e-02 1.219865538689596518e-01 5.240161990891696320e-01
2.410646317253938714e-02 1.094090779106804828e-01 6.699484742394401504e-01
2.220926462113922278e-02 1.293043364096224945e-01 8.867339445005580911e-01
2.165527350620943814e-02 1.147497777363777199e-01 4.864682804379759640e-01
2.368614430724175907e-02 1.344069784291100911e-01 7.034569791225813162e-01
2.267869948008995051e-02 1.061828466161429674e-01 8.009881517658914429e-01
2.057634606114137552e-02 1.264442888628766193e-01 5.964852838090675125e-01
2.068453789771379850e-02 1.087137482111042025e-01 5.159397573960101679e-01
2.267413168152459732e-02 1.273538722959312031e-01 7.496119120104894895e-01
2.366461478037091420e-02 1.177270155375111649e-01 8.320374042423875904e-01
2.158301946017679093e-02 1.380465568035108004e-01 6.240292358616363888e-01
2.209897600251353386e-02 1.103007887897732436e-01 7.045144440685735532e-01
2.405899730715292673e-02 1.314028594232466152e-01 4.806532337787847720e-01
2.309572060345613242e-02 1.003196200977576058e-01 5.702231881072367115e-01
2.097352465425814799e-02 1.206093786628769232e-01 7.687998000738449633e-01
2.089664079388619741e-02 1.186832569904078399e-01 6.653104499235014124e-01
2.291114899176350389e-02 1.376458841631391095e-01 8.801298211040118336e-01
2.391132944789250286e-02 1.097437138275198093e-01 7.672244817026803165e-01
2.194394347081783658e-02 1.278814548363087500e-01 5.479416529822129789e-01
2.123274544920695020e-02 1.056683626514461627e-01 8.232806720694019198e-01
2.323871576722782994e-02 1.243180812041276007e-01 6.032250144595506791e-01
2.246961988412351022e-02 1.133999762877393597e-01 4.938211235958878120e-01
2.032983678751258683e-02 1.333933969732988833e-01 7.150282146350923629e-01
2.034181241970787687e-02 1.054155860690049601e-01 8.430679865207127976e-01
2.216900666898995870e-02 1.279438904577158420e-01 6.326783761550340834e-01
2.321422745062351467e-02 1.144883212213739232e-01 5.173625440289344457e-01
2.118500443057238711e-02 1.345754657117624042e-01 7.459118103626216634e-01
2.168261373496344069e-02 1.119036314192262405e-01 7.177525742562187450e-01
2.397486233230884667e-02 1.296314518762037293e-01 8.911258479002295285e-01
2.274614749464070815e-02 1.013726336829708780e-01 7.921339091680157374e-01
2.077728391339092248e-02 1.199658047923958804e-01 5.921813950856364972e-01
2.085132271442168353e-02 1.170117472895668004e-01 7.102779567228741930e-01
2.303484542298009016e-02 1.377087103783584676e-01 4.863245366355325450e-01
2.409050289762093219e-02 1.082037472113459992e-01 5.923238085559664468e-01
2.212298675422394445e-02 1.281756795983083341e-01 8.050273770944245122e-01
2.137026470855560648e-02 1.018225918544439917e-01 5.246757722734829432e-01
2.374302473026682070e-02 1.233712298795447693e-01 7.695697066417053200e-01
2.259986159408741355e-02 1.146550818175305214e-01 8.809192494071544921e-01
2.046496801832878298e-02 1.340909746693088878e-01 6.485668092802970852e-01
2.033136603336083842e-02 1.150851722904673302e-01 4.706743641237107756e-01
2.262514669548698273e-02 1.347347778788657580e-01 7.106332669258886847e-01
2.371323442682135227e-02 1.046985262678166856e-01 7.966278777396033073e-01
2.179578914166102263e-02 1.249066128844355250e-01 5.793232394286602638e-01
2.222271489807752659e-02 1.092856709228514078e-01 7.511635113274426345e-01
2.398596154808230185e-02 1.292818404325513648e-01 5.284588818450014491e-01
2.315985577369476800e-02 1.202716335506723577e-01 6.617573654364746760e-01
2.096144230557347998e-02 1.379497732755930461e-01 8.843037321766351599e-01
2.086760234645783016e-02 1.013583327949963836e-01 6.246557583709513306e-01
2.303239573706072213e-02 1.214375236907014044e-01 8.520086179743291410e-01
2.396401730143368769e-02 1.101708927183397968e-01 7.223032134263775994e-01
2.206040772242557485e-02 1.313946854716405988e-01 4.816442200606535495e-01
2.156317611142739496e-02 1.167769654440268812e-01 8.901257658495952407e-01
2.355035178675302446e-02 1.375132536350209267e-01 6.805769753563748470e-01
2.232596795087329541e-02 1.063430699119244371e-01 5.528564852010983133e-01
2.043045344203583968e-02 1.258067641804274384e-01 7.827799943439071040e-01
2.051675911784079515e-02 1.170563185981327581e-01 5.683557097832309113e-01
2.246870141142694177e-02 1.372240222491903916e-01 7.811694458085860493e-01
2.324808327654488346e-02 1.051719600892438850e-01 7.083085716751477134e-01
2.155827297856419134e-02 1.260778649927732364e-01 4.790579304059348065e-01
2.176065978504636983e-02 1.026462028398126142e-01 8.414196782335465752e-01
2.413486849207309784e-02 1.220851677060412893e-01 6.415624912958878268e-01
2.308563431895974474e-02 1.092519845735791251e-01 5.310378214171914690e-01
2.100852493932862594e-02 1.290465461809177927e-01 7.359197602766458512e-01
2.126257321878012585e-02 1.060063970934201211e-01 4.798595485514257630e-01
2.333807388732219573e-02 1.270606106350790077e-01 7.041816284975652707e-01
2.405212526660893343e-02 1.149330848331428512e-01 8.398747251295568539e-01
2.214527589290999840e-02 1.363058530603852292e-01 6.220879826945111546e-01
2.167056616373048278e-02 1.134197863983410076e-01 7.777744523396967757e-01
2.382458674118579506e-02 1.338154991699212482e-01 5.545835879112818168e-01
2.286557598956752077e-02 1.045282629905174010e-01 6.526401229260503367e-01
2.091140859675566510e-02 1.253378718118670077e-01 8.821901514462066052e-01
2.041735964886307042e-02 1.034261887339377461e-01 7.187944508268993005e-01
2.256410319845976453e-02 1.254726362598908851e-01 4.774123259400765429e-01
2.359705839518588810e-02 1.130002833415706398e-01 6.117007786348670484e-01
2.167983613828333364e-02 1.333725143348281628e-01 8.354537550453225991e-01
2.227637138927798799e-02 1.178409949874304891e-01 5.749762163023579564e-01
2.397666144441092800e-02 1.383076959526881311e-01 7.824650665287964380e-01
2.301320957637404199e-02 1.088477560665772059e-01 8.835553428145951349e-01
2.117959903769757457e-02 1.297937108510839321e-01 6.638017158023004072e-01
2.098917611801209837e-02 1.123906135691445235e-01 7.926577150903910685e-01
2.284536376370977992e-02 1.325056223106704512e-01 5.669782072516713622e-01
2.402127725679472151e-02 1.013993866138973715e-01 4.795364721612406234e-01
2.206969783706983629e-02 1.216006212497050404e-01 7.173243880925453952e-01
2.130558995816326726e-02 1.050962081889589561e-01 6.445043478027183692e-01
2.336668004352679753e-02 1.254109284806940172e-01 8.464175190651985758e-01
2.233718917796912590e-02 1.176893716773435294e-01 7.384902280681459041e-01
2.035845012418142919e-02 1.370491598806227174e-01 5.253157768443492692e-01
2.035753892759968250e-02 1.112919381204698910e-01 7.332253729576878598e-01
2.226747298789390553e-02 1.308994786280076872e-01 5.330966802296160933e-01
2.333307417013672988e-02 1.006345560483775103e-01 6.648935764987750074e-01
2.145015512969134300e-02 1.212870533746914364e-01 8.828248009317475331e-01
2.181980281188635254e-02 1.050456159151473279e-01 4.689046474364972905e-01
2.381114555091552731e-02 1.256821435145418497e-01 7.186493678112692018e-01
2.262011222804405364e-02 1.148326746890204891e-01 8.195843697286342433e-01
2.072985695057445385e-02 1.350897568255984560e-01 6.073546462074728147e-01
2.092505283083830395e-02 1.012560787580303184e-01 8.880161381988839198e-01
2.309843354849642344e-02 1.236114979981165207e-01 6.817187237702926339e-01
2.408580164413194960e-02 1.129005630214875572e-01 5.695221883641002902e-01
2.228475968469360163e-02 1.330672717344990874e-01 7.894822850408911297e-01
2.163328578483164621e-02 1.174068992973922865e-01 6.272764356952151843e-01
2.365531350623829507e-02 1.364581313861681910e-01 8.436666492680880980e-01
2.264489488265489930e-02 1.078468257326752056e-01 7.462583850820323494e-01
2.054531547742604464e-02 1.285014334249183210e-01 5.343106892821167797e-01
2.079141756236998692e-02 1.103480918040568859e-01 6.570951481574262010e-01
2.258976999726123452e-02 1.278314825600796734e-01 9.004782758554403799e-01
2.358449086736507175e-02 1.190018932055555978e-01 7.814084645539713936e-01
2.158556845942493502e-02 1.380989804081797501e-01 5.495922309545626661e-01
2.229725862231540789e-02 1.144311325027738829e-01 8.443397440696975842e-01
2.422804669191846658e-02 1.332205962738843286e-01 6.350018286338454665e-01
2.315293877516347645e-02 1.049129443501179981e-01 5.200391740272011232e-01
2.129152758295494233e-02 1.230779838070268917e-01 7.197580873162903181e-01
2.081164491029866351e-02 1.154707310360027633e-01 5.227820592616254647e-01
2.298251280493045570e-02 1.349196914113032497e-01 7.507496068604122552e-01
2.379558216633585049e-02 1.055307207276546394e-01 8.513431833920444003e-01
2.178711924308500414e-02 1.252191308762675148e-01 6.363235694594082670e-01
2.133519022302651086e-02 1.020128151651654436e-01 6.813323738057249779e-01
2.348784507434892657e-02 1.210286748467744450e-01 4.594000000000000306e-01
2.237504358056677245e-02 1.101417129012284418e-01 5.618562296412846768e-01
2.044614582065711408e-02 1.302512627093476427e-01 7.897642115086898063e-01
2.043329433974793580e-02 1.012061096777705782e-01 5.460337586051752234e-01
2.248506176807199206e-02 1.203272345979322366e-01 7.597972749973972428e-01
2.347676346075060552e-02 1.125315803675505655e-01 8.855012706224602015e-01
2.154955777938419997e-02 1.337487309163012117e-01 6.624878663694410141e-01
2.188376780471462321e-02 1.165909528844951693e-01 7.452166347101208954e-01
2.376985760029414960e-02 1.341341185276322123e-01 4.756607124877821891e-01
2.306098506447278040e-02 1.064386331613113579e-01 6.094286219581594999e-01
2.108618004995337081e-02 1.269296435798163147e-01 8.347147301973806277e-01
2.116385757498143519e-02 1.135470011634057974e-01 6.171398883603350649e-01
2.324152964950558509e-02 1.336637308387710055e-01 8.451434140881357582e-01
2.404228849940893281e-02 1.020566905808110714e-01 7.482566669679369120e-01
2.221747465600979604e-02 1.234726991919327665e-01 5.055874891434013474e-01
2.140237435041351249e-02 1.087528215400061643e-01 7.960193971097255794e-01
2.346659892985902135e-02 1.298351103272075147e-01 5.730935076003608186e-01
2.253156071212910824e-02 1.169898336683863199e-01 4.857619697763762567e-01
2.081284038447175563e-02 1.377540970387417518e-01 6.749897015925615529e-01
2.036805426690345422e-02 1.187232877979050444e-01 8.812189540656202302e-01
2.243599970611689226e-02 1.367729671740759989e-01 6.471729119737507085e-01
2.364458674375794628e-02 1.096726394953161238e-01 5.361017784492797533e-01
2.143153189368562223e-02 1.293861511607820869e-01 7.503131494962427261e-01
2.200217918287173877e-02 1.041084394923461609e-01 5.857702231644854596e-01
2.402746124790845067e-02 1.241520337621952463e-01 8.099794528965300611e-01
2.319200778419402281e-02 1.151518994637517196e-01 7.001818295574072648e-01
2.115950181556339876e-02 1.334442694496310589e-01 4.962008703393460674e-01
2.056294688176136393e-02 1.058606542146137974e-01 7.978463391476240396e-01
2.268086516559615975e-02 1.251081224317991125e-01 5.698425499777137748e-01
2.362070571935506735e-02 1.164166945368417250e-01 6.918014777142811322e-01
2.175875456697298413e-02 1.357691520158007537e-01 8.920960713223122784e-01
2.127830826641898682e-02 1.100878862726283602e-01 5.196578386291330620e-01
2.330982465065366965e-02 1.299167479602366393e-01 7.433820383519025299e-01
2.227788453904904278e-02 1.019482261351254831e-01 8.574659432894204958e-01
2.049601526183209704e-02 1.242226984368052095e-01 6.346386904660541450e-01
2.048663164321644706e-02 1.015563588225341790e-01 7.592123567751429825e-01
2.230346093072640284e-02 1.231411845351513684e-01 5.576768210663693992e-01
2.327518641529481916e-02 1.124705074415087713e-01 6.567885331814595773e-01
2.138230791565044753e-02 1.327548463679900093e-01 8.850540289707751196e-01
2.173079992695177431e-02 1.181725619715962433e-01 4.965528542645934462e-01
2.399811303515224023e-02 1.388692980606198168e-01 7.194553688604604647e-01
2.276930708333814793e-02 1.063987064640030122e-01 8.547650462115157222e-01
2.081634236477371627e-02 1.267442506644788913e-01 6.216696462781498012e-01
2.121652571973332846e-02 1.131103334238356406e-01 8.839002757310800984e-01
2.310957469682750620e-02 1.352569944744260455e-01 6.662808425189505890e-01
2.409891810309168145e-02 1.054088451555430378e-01 5.407381258774235366e-01
2.203900192437347264e-02 1.252863544891106018e-01 7.376699931279897537e-01
2.162131469576492743e-02 1.099417063575088838e-01 5.687654422400122423e-01
2.364904403192366264e-02 1.296902276656314301e-01 7.844879421277897169e-01
2.248337454075495512e-02 1.201332075866109184e-01 7.012339114642136551e-01
2.048183337454358155e-02 1.385892121597642745e-01 4.837602802008881264e-01
2.046822481320972886e-02 1.203795265504518097e-01 6.464903141275964993e-01
2.256039153383833720e-02 1.374305878725474439e-01 8.937309656415131087e-01
2.355483812332953911e-02 1.074123115652566435e-01 7.625207078319712339e-01
2.153152580190279344e-02 1.281437977873039202e-01 5.188967852293741023e-01
2.220062964382958290e-02 1.015231112747881081e-01 8.084376740237830816e-01
2.413867418646062357e-02 1.223913152035838864e-01 5.826838230573767596e-01
2.329572398636135452e-02 1.115680384972299599e-01 4.693632377625266971e-01
2.124428783576542620e-02 1.325297872336978766e-01 7.005647951609188517e-01
2.092106272266036279e-02 1.065376936066755181e-01 5.445809720894640993e-01
2.297168472530811134e-02 1.259940279038529176e-01 7.726651151926994254e-01
2.408785311539959201e-02 1.163589894806282832e-01 8.845070462957407287e-01
2.205321125617648245e-02 1.372978327371607299e-01 6.607828522527110504e-01
2.131878133509870071e-02 1.108783260165658452e-01 7.142195261521984140e-01
2.327822063810946335e-02 1.307567606809163230e-01 4.797436290166935402e-01
2.234360135840288142e-02 1.012816215529670077e-01 5.825590566732395947e-01
2.048944287275522233e-02 1.217821719291027199e-01 8.023244934944623319e-01
2.046994624074784802e-02 1.128146225755007198e-01 5.326070983718053098e-01
2.261099052151813518e-02 1.318566641675342765e-01 7.630987543449709865e-01
2.350092395633968448e-02 1.025585520391370936e-01 8.873867931127132902e-01
2.148906185462196028e-02 1.207884381262060020e-01 6.513180235580753319e-01
2.206524746452028993e-02 1.069063843975193301e-01 7.008608352906575689e-01
2.412839037692651387e-02 1.262451470866258474e-01 4.836231037666179899e-01
2.301673238689867090e-02 1.176504032528639249e-01 6.053865671467089093e-01
2.089344461160305352e-02 1.373557631232575627e-01 8.275859136100768287e-01
2.094183268229905456e-02 1.016808561095185609e-01 6.737875799014457767e-01
2.315051568537600593e-02 1.228708494810683560e-01 8.857589349147290125e-01
2.406105498526605116e-02 1.132319461297417174e-01 7.742849869719629075e-01
2.215641907608020128e-02 1.329897251083599352e-01 5.743437569894551675e-01
2.178096823492114975e-02 1.185222870510347637e-01 8.482544764728123798e-01
2.373736023389968683e-02 1.368776889561186538e-01 6.253853727101377213e-01
2.260450528555072586e-02 1.088223236270431243e-01 5.243258278620355206e-01
2.055667436113790131e-02 1.297088541830648811e-01 7.314636760481186828e-01
2.049375685267839156e-02 1.091662472459596495e-01 8.785158836679340943e-01
2.253359932805680185e-02 1.280867579173395610e-01 6.655240324851393607e-01
2.355164766657350667e-02 1.177768486635975276e-01 5.323482185946848411e-01
2.164153000578016364e-02 1.394133228657917223e-01 7.621844098695020886e-01
2.193744580261184837e-02 1.122059636478527217e-01 6.183791469736230617e-01
2.401005813949709175e-02 1.322056450456250143e-01 8.501821182270989929e-01
2.321925533816406387e-02 1.017373283716008353e-01 7.348160647680312962e-01
2.101946004504442675e-02 1.220944180161278037e-01 4.821075351112177332e-01
2.085862994565825662e-02 1.173483008856950893e-01 7.587867663456375755e-01
2.287930473568487375e-02 1.364326235338294557e-01 5.230085548338170298e-01
2.375304428152933550e-02 1.076977835704823194e-01 6.343109642190207786e-01
2.185877079577052198e-02 1.273141262400297180e-01 8.432948550293941636e-01
2.151627782999996144e-02 1.022508115586074490e-01 4.754746714890525361e-01
2.335958011239399473e-02 1.223301563793539187e-01 7.139818792023596705e-01
2.224287380462445368e-02 1.100479031540211594e-01 8.029037942648873383e-01
2.034629124360202990e-02 1.320182820777751342e-01 5.944170354273111689e-01
2.039955436874633238e-02 1.181812128068738810e-01 8.280491320752992879e-01
2.240110337446850342e-02 1.387463274101323751e-01 5.845461828835620821e-01
2.333521973971043606e-02 1.070377816080040068e-01 4.765546836668261843e-01
2.138628175838123979e-02 1.272627737746735987e-01 6.960442858498839813e-01
2.177379823288366767e-02 1.016352510762214278e-01 6.232484159076348007e-01
2.383758381578593780e-02 1.237220061012044431e-01 8.479274449083961107e-01
2.285704233190801946e-02 1.126030557517535280e-01 7.546903985986037622e-01
2.082255811580064481e-02 1.328988036912112092e-01 5.135494628908556791e-01
2.117694837516395992e-02 1.054837106762214760e-01 7.110395410188851129e-01
2.296690050020975746e-02 1.280445816725467589e-01 4.900116847422456567e-01
2.404450412980101842e-02 1.180320073638695677e-01 5.970091732950135732e-01
2.201958000386673373e-02 1.368063630182003998e-01 8.313408423109804879e-01
2.169995462948454135e-02 1.143588614995241642e-01 5.453065210041265765e-01
2.363650071678278022e-02 1.335989191546252952e-01 7.665714871405771014e-01
2.262795359984116211e-02 1.016755915916455200e-01 8.847072657176701105e-01
2.073500743763313434e-02 1.233026883684507219e-01 6.707167093107224698e-01
2.049837712024832684e-02 1.016080150417075917e-01 4.874717911585896291e-01
2.284125228688090037e-02 1.225605247410280069e-01 7.354111464672259402e-01
2.370204599530198811e-02 1.133066768954554410e-01 8.539594122277993637e-01
2.176391715056237922e-02 1.334866552539610007e-01 6.173529130470766235e-01
2.204526317445109837e-02 1.170727898944534801e-01 7.837810183932258923e-01
2.410538673656261593e-02 1.370230633826348410e-01 5.521401579171856255e-01
2.313573709802102529e-02 1.083603983901646056e-01 6.682147666421331955e-01
2.126682113770408597e-02 1.288082229701846826e-01 8.778896771852853220e-01
2.074393494508580682e-02 1.097843690118309179e-01 5.956067575572839834e-01
2.279715079939885480e-02 1.303740096841509155e-01 8.262473182499748825e-01
2.411853597829767201e-02 1.015825013385072834e-01 6.826413759942752124e-01
2.216334423832478154e-02 1.195149191239909259e-01 4.917578116453340531e-01
2.142543065904609079e-02 1.059414911828147204e-01 9.007892528397997145e-01
2.344754185287614701e-02 1.263054850538352369e-01 6.469087586470496642e-01
2.254204183576373130e-02 1.155901783156520479e-01 5.416856755608883134e-01
2.041139990049800623e-02 1.345003004265972746e-01 7.754422116983197277e-01
2.027592930182409506e-02 1.078150487306976796e-01 6.257825114252790755e-01
2.240612589356217807e-02 1.285350411753177768e-01 8.471074291968374581e-01
2.338958775955154307e-02 1.182122838729152831e-01 7.254021460891009188e-01
2.133842878418577491e-02 1.378065677744002848e-01 4.811435833655884342e-01
2.214436757019846644e-02 1.111260843462070075e-01 8.914396603917756901e-01
2.396954607911597548e-02 1.317873381339179917e-01 6.713649316982519544e-01
2.275452847970679121e-02 1.026302649602226502e-01 5.764775800075163659e-01
2.087617370621598981e-02 1.234990874992303173e-01 8.160441147838637388e-01
2.125301228488682762e-02 1.174594472969737180e-01 4.890760854807749691e-01
2.315191375921123867e-02 1.381235433435727133e-01 7.152895368028462375e-01
2.411244502767291228e-02 1.065253081455208445e-01 8.074723009406791219e-01
2.223647189420567896e-02 1.276453319216078464e-01 5.812794942370758111e-01
2.153863119765949546e-02 1.044702407603831235e-01 7.664123714569415213e-01
2.360289362775976757e-02 1.255471930492988442e-01 5.510408704167117921e-01
2.266374561977547997e-02 1.139681408144854469e-01 6.431947149038264033e-01
2.050131894958107104e-02 1.342687555658260701e-01 9.033503172098822365e-01
2.053017904141901315e-02 1.136508110424800377e-01 6.948934939777837716e-01
2.241582492163826310e-02 1.339117358367151178e-01 4.875801446981098408e-01
2.345466075105806167e-02 1.032034652021598387e-01 6.043428359881991563e-01
2.150443166749173990e-02 1.225113769773848033e-01 8.218013726766036919e-01
2.186098065576380298e-02 1.072263415559791683e-01 5.398502939137943546e-01
2.399069789415630635e-02 1.263830340557293985e-01 7.647619598431590893e-01
2.298774262068287513e-02 1.183466097787553989e-01 8.883313994266068825e-01
2.112562892132095749e-02 1.376705560986752341e-01 6.439858499705687356e-01
2.110491762547097444e-02 1.009087688511194070e-01 8.286106332850006195e-01
2.288509739828952991e-02 1.217691536035950400e-01 6.082182854750092238e-01
2.398257475495768273e-02 1.136200256174343254e-01 4.763211003186738068e-01
2.184656677743537431e-02 1.304922145752878127e-01 7.537344663830713998e-01
2.128218709379288767e-02 1.171814763210649590e-01 6.684707750576597274e-01
2.337594529465323104e-02 1.372647864015658359e-01 8.954006536966904184e-01
2.231099815260655789e-02 1.054447945303409184e-01 7.908228508524403066e-01
2.030667694892811931e-02 1.269954032463441185e-01 5.663438148955715068e-01
2.042449323809923667e-02 1.167376530498571569e-01 6.731356793132888816e-01
2.233046204305979068e-02 1.337843150464637088e-01 8.816899062891581096e-01
2.334621148806905258e-02 1.053802967770409577e-01 7.840197617387885121e-01
2.135500622555946276e-02 1.254186180688068863e-01 5.607748707846709202e-01
2.192866806929832588e-02 1.104228453655746456e-01 8.401393206523223300e-01
2.378593896977858335e-02 1.295417235167142800e-01 6.163396446906201920e-01
2.280881330494739095e-02 1.192154656267561258e-01 5.206154215108319550e-01
2.084175479865590583e-02 1.382669702406446322e-01 7.443081472798700471e-01
2.090069590908533517e-02 1.028268893729915867e-01 5.283498540930893217e-01
2.317964340568143267e-02 1.216724200779787657e-01 7.526855948992046130e-01
2.394955910453289843e-02 1.084187608746730036e-01 8.618215419753880724e-01
2.195445499472438791e-02 1.316156065857948532e-01 6.557274714355577627e-01
2.152769177321111130e-02 1.155432332566869169e-01 6.979950045796989855e-01
2.350849172942952661e-02 1.380774346182857548e-01 4.678139430581065294e-01
2.249958472092684209e-02 1.052019067203323610e-01 6.130362712847948758e-01
2.047185718630899903e-02 1.266444848843343574e-01 8.322828245303088845e-01
2.082996459730669658e-02 1.062219028744891269e-01 7.393533978608378687e-01
2.283134143279172412e-02 1.241819335890614467e-01 5.142585724308990081e-01
2.371603895570609938e-02 1.154456838132611185e-01 6.310754679494564590e-01
2.173361482357766272e-02 1.375753200119071706e-01 8.540296194615771830e-01
2.199331114614791471e-02 1.098745468445873202e-01 4.882898038623737502e-01
2.406346973389015403e-02 1.283293029174831235e-01 7.080407051645695171e-01
2.316423985915423006e-02 1.019901975778577524e-01 7.955644338420421180e-01
2.118871222189322792e-02 1.210854349209099651e-01 5.677574326821184236e-01
2.112263585686667555e-02 1.180272241960714785e-01 8.861068134575671440e-01
2.285417121665962725e-02 1.379730184368759549e-01 6.701666997197830433e-01
2.405029610627098385e-02 1.100186990270275583e-01 5.486079282369871191e-01
2.226157724817317066e-02 1.289229795309519699e-01 7.563669872068048416e-01
2.139105177443055214e-02 1.024535306044682959e-01 6.330402693112783252e-01
2.342964296590294149e-02 1.213717252648455203e-01 8.522781798185815605e-01
2.245092527356830694e-02 1.128266913866673160e-01 7.268492119792945294e-01
2.057156332136487326e-02 1.337671940956331185e-01 4.801902710172101241e-01
2.042808174044743671e-02 1.048265527900360816e-01 8.935112416975690142e-01
2.027622236001239836e-02 1.029088797991819237e-01 8.015545439089518664e-01
2.192625086257763214e-02 1.394641697752797560e-01 4.598837935414187283e-01
2.024999999999999717e-02 9.979999999999999982e-02 9.093999999999999861e-01
2.024999999999999717e-02 9.979999999999999982e-02 4.594000000000000306e-01
2.422237751397625372e-02 1.381084477602984306e-01 8.727194487503875386e-01
2.026126101349121425e-02 9.985140462641638182e-02 7.250431578842095881e-01
2.324256933123981100e-02 9.990860977487973915e-02 9.022826094348491699e-01
2.218295396585692747e-02 1.068968387154844019e-01 4.599467992119290471e-01
2.272064235781220271e-02 1.000934264083767622e-01 6.095177605984539726e-01
2.375597553779839818e-02 1.147739476552889631e-01 9.024086207758698075e-01
2.027238201438129328e-02 1.333540198617875761e-01 8.661398565870926936e-01
2.422817803602323947e-02 1.079569341240711605e-01 7.423562160594454618e-01
2.424761978578071978e-02 1.288284125571301231e-01 6.685180706263562644e-01
2.269071966476982755e-02 1.339784760628456306e-01 9.064949885489694825e-01
2.419577511976078038e-02 9.983780340230620498e-02 8.654197917812602725e-01
2.424889990099108814e-02 1.053466992029282873e-01 4.969896330669760776e-01
2.424905991539238331e-02 1.274114850336530436e-01 8.130485783720533544e-01
2.347543028872598261e-02 1.396881899370943092e-01 6.095627646488185336e-01
2.280092958366252559e-02 1.210997169745277185e-01 6.795935674210678012e-01
2.329681421327919541e-02 9.987100639057515383e-02 4.962650678561070228e-01
2.371489184026562280e-02 1.396401856167055200e-01 8.667744136972326263e-01
2.424341940774669621e-02 1.396277845006050344e-01 8.094707563680733076e-01
2.421137652388714867e-02 1.111544218979707982e-01 8.561669590263122354e-01
2.378977858007220655e-02 1.059599543958956447e-01 7.323608164734827231e-01
2.025770069306237486e-02 1.189099198927903583e-01 7.802316248462360937e-01
2.171391175205768242e-02 1.394933724035163358e-01 8.996633737036334733e-01
2.154885689712074046e-02 1.196667880109209964e-01 4.598612915162364478e-01
2.281141052694742391e-02 1.063431888869998398e-01 9.064544849036415552e-01
2.424429948695382142e-02 1.209841065695912848e-01 5.227949555459990849e-01
2.385562450620555899e-02 1.256193237391365347e-01 5.156168095128563778e-01
2.423641877768999142e-02 1.042934044063965615e-01 5.943918992709342763e-01
2.424305937534377772e-02 1.199820163814743212e-01 8.858381294316487464e-01
2.423721884969647078e-02 1.346173335600203969e-01 8.246866257963215707e-01
2.067337810402936418e-02 1.077073116580492401e-01 4.598567911112000361e-01
2.031150553549819493e-02 1.081941554739926370e-01 5.175519836785311689e-01
2.383658279245131836e-02 9.990980988288945819e-02 7.046023182086389447e-01
2.138516216459480923e-02 1.073908831794861685e-01 6.815602444219978073e-01
2.109205578502065109e-02 1.002194377493974553e-01 5.530871818463660716e-01
2.424805982538428412e-02 1.395065735916232452e-01 5.251801702153193752e-01
2.145856877118940825e-02 1.396113830244722076e-01 6.611014031262812951e-01
2.232112640137612347e-02 9.983940354631917757e-02 9.018460701463130169e-01
2.375521546939224349e-02 9.996621495934635004e-02 8.636286305767517657e-01
2.425000000000000072e-02 1.398000000000000076e-01 4.594000000000000306e-01
2.381838115430388869e-02 1.200404216379474115e-01 8.653972897560779920e-01
2.425000000000000072e-02 1.198000000000000037e-01 4.594000000000000306e-01
2.198173585622706025e-02 1.004286565790921265e-01 5.908230780770267199e-01
2.122494774529707501e-02 1.250240701663149767e-01 4.650412577131941561e-01
2.025454040863677516e-02 1.331303997359762348e-01 5.005674550709563464e-01
2.337354111870068238e-02 9.993581222310007894e-02 6.215293416407475791e-01
2.119466501985178830e-02 1.392633517016531597e-01 8.383858587272853269e-01
2.423973907651688631e-02 1.121377103939354414e-01 7.401150143512914559e-01
2.059137072336510166e-02 1.395045734116070468e-01 7.046473222590033947e-01
2.191232960966486842e-02 9.982780250222519913e-02 8.627555519996800149e-01
2.424381944374993589e-02 1.347897490774169760e-01 4.746181196307668326e-01
2.371189157024131827e-02 1.359254512906161727e-01 9.031691892270302668e-01
2.206226310367933111e-02 1.345321258913302065e-01 4.599873028572571410e-01
2.026194107469672309e-02 1.236267444069966415e-01 8.307936754307887472e-01
2.201113850246521828e-02 1.048330529747677209e-01 5.041542778850096607e-01
2.212166845016051361e-02 1.360838655478993353e-01 9.093707473672628661e-01
2.424861987578881897e-02 1.167333239991599214e-01 5.063864787830906211e-01
2.183364252782750425e-02 1.394693702433218718e-01 8.032691982278407083e-01
2.237537128341550788e-02 9.980180016201457838e-02 4.958285285675710918e-01
2.140360382434419034e-02 1.003574501705153527e-01 7.698536908321746974e-01
2.323596873718634589e-02 1.397361942574831539e-01 8.023511156004039524e-01
2.315036103249292279e-02 1.350757748197337627e-01 4.608153773839645528e-01
2.422025732315908481e-02 1.157500355031952782e-01 6.224384234581114006e-01
2.167170795371583386e-02 1.299061095498594831e-01 9.016165494894541332e-01
2.382262153593823345e-02 1.247572461521536807e-01 4.659593403406306900e-01
2.236681051294616210e-02 1.393357582182396526e-01 4.616749547459271241e-01
2.191092948365352608e-02 1.167609264833835286e-01 4.597397805802522219e-01
2.116950275524797156e-02 1.395757798201837929e-01 5.256167095038555281e-01
2.338254192877358556e-02 1.110800152013681208e-01 5.123450150513544354e-01
2.177303707333659924e-02 1.124317368563170771e-01 9.084436639297537308e-01
2.061021241911771898e-02 1.276331049794481587e-01 9.080881319318737654e-01
2.116022191997279575e-02 9.981820163814743296e-02 6.441978818093628822e-01
2.423529867688091824e-02 1.098399035913232014e-01 6.319792821353921175e-01
2.344562760648458144e-02 1.001218289646068210e-01 5.810842015781422232e-01
2.028446310167915032e-02 1.392453500815073186e-01 6.535902271204407921e-01
2.425000000000000072e-02 1.398000000000000076e-01 6.844000000000000083e-01
2.222703793341400738e-02 1.257453350801572001e-01 9.091862307607684324e-01
2.284205328479563257e-02 1.117496754707923701e-01 9.067425108259742350e-01
2.027054184876638659e-02 1.396089828084527695e-01 6.064619855787022340e-01
2.073278345051054322e-02 1.092590513146183273e-01 9.092402356212058168e-01
2.333421757958216436e-02 1.275146943224890472e-01 4.625435329179626298e-01
2.385906481583342439e-02 1.000122190997189825e-01 7.858841335720213594e-01
2.125211018991709014e-02 1.005214649318438708e-01 9.035472232500925127e-01
2.175955586002740333e-02 1.234735306177556086e-01 7.179775219769777284e-01
2.290117860607454592e-02 1.246880399235931192e-01 4.655228010520946480e-01
2.275436539288535828e-02 1.002470402336210209e-01 5.064404836435280055e-01
2.082547179246132044e-02 1.002862437619385788e-01 4.988843035873228859e-01
2.078050774569711184e-02 1.000814253282795441e-01 7.863206728605574014e-01
2.024999999999999717e-02 9.979999999999999982e-02 6.844000000000000083e-01
2.366000690062105422e-02 1.314186456781110401e-01 9.085561740556649113e-01
2.213590973187586769e-02 9.984980448240342310e-02 6.886168795191568437e-01
2.032674690722164820e-02 9.986500585052654477e-02 5.846665239871586817e-01
2.025102009180826043e-02 1.277051114600314119e-01 7.472706583592524376e-01
2.028658329249632269e-02 1.216037623386104910e-01 9.038712524127173742e-01
2.363548469362242860e-02 9.999021711954075853e-02 5.100228060525449081e-01
2.422221749957495854e-02 1.160436619295736882e-01 5.566605034453100398e-01
2.139576311868067807e-02 1.391829444650018455e-01 5.829653708833796300e-01
2.295026302367213222e-02 1.230610934984148475e-01 5.541042733846046620e-01
2.289925843325898991e-02 9.991060995489595142e-02 7.228154573911651504e-01
2.029766428978608053e-02 1.395901811163004769e-01 8.534532147893311160e-01
2.073822394015461049e-02 1.394617695592603179e-01 8.552443759938395118e-01
2.282721194907541551e-02 1.152407896710704038e-01 5.047753337800402473e-01
2.241837515376383927e-02 1.397129921692952526e-01 7.241700793071375042e-01
2.424173925653308817e-02 1.279475332779950181e-01 8.658518306647599028e-01
2.024999999999999717e-02 1.398000000000000076e-01 9.093999999999999861e-01
2.207570431338820235e-02 1.079741356722104806e-01 9.089387084837636799e-01
2.417525327279455155e-02 1.000290206118550629e-01 7.183600564050764969e-01
2.030826524387194590e-02 1.313822424018161739e-01 7.548583412507124946e-01
2.344310737966416591e-02 1.226014521306917626e-01 6.656558130231722270e-01
2.116770259323338954e-02 1.213469392245302009e-01 9.074535748217338327e-01
2.288801742156794036e-02 9.985940534648118927e-02 9.071745497094738653e-01
2.055188716984528499e-02 1.050186696802712372e-01 6.796025682311407357e-01
2.027518226640397450e-02 1.394877718994709526e-01 7.721713994259482572e-01
2.075194517506575437e-02 1.015171545439089579e-01 8.447989359042314961e-01
2.025474042663839500e-02 1.307113820243822055e-01 5.581411367023030312e-01
2.185808472762548749e-02 9.986540588652978445e-02 8.187730935784222064e-01
2.167294806532587756e-02 1.309081997379764051e-01 5.385733756038044717e-01
2.025898080827274322e-02 1.354282065385884748e-01 6.087031872868556848e-01
2.421433679031112507e-02 1.393529597663789588e-01 6.282574471702453422e-01
2.163378454060865472e-02 1.005518676680901280e-01 6.956465121860966327e-01
2.425000000000000072e-02 9.979999999999999982e-02 9.093999999999999861e-01
2.027130191717254476e-02 1.144167155043954026e-01 6.452419757778201648e-01
2.286093498414857109e-02 1.153944034963146903e-01 8.516980568251142358e-01
2.071982228400555751e-02 1.220113990259123204e-01 5.084656659099319187e-01
2.315924183176485893e-02 1.396713884249582427e-01 6.770868418157633961e-01
2.267367813103179225e-02 1.240787850906581585e-01 7.712173135582204297e-01
2.031554589913091985e-02 1.153299976997930049e-01 5.105403526317366936e-01
2.090035853226790419e-02 1.066060125411287252e-01 8.144707063635728828e-01
2.253810592953365416e-02 1.396889900091007886e-01 6.277759038313447393e-01
2.281361072496524561e-02 1.197339940594653596e-01 6.397649828484565093e-01
2.025198017821603844e-02 1.000938264443800019e-01 8.436243301897171643e-01
2.366188706983628209e-02 1.006798791891270195e-01 4.597487813903251563e-01
2.138032172895560842e-02 1.099311118000620008e-01 9.082771489434050549e-01
2.227420217819603421e-02 1.393409586862817684e-01 8.050603594323486600e-01
2.422745797121740596e-02 1.086653978858097280e-01 8.950909621865966725e-01
2.177867758098228634e-02 1.002154373893650446e-01 4.620214859337340441e-01
2.224999999999999895e-02 1.198000000000000037e-01 9.093999999999999861e-01
2.326353121780960417e-02 1.103955535998240034e-01 9.060044443999959451e-01
2.155005700513045949e-02 1.051526817413567239e-01 8.053033813043174449e-01
2.151281365322878919e-02 1.395737796401675945e-01 7.050838615475391036e-01
2.141472482523426937e-02 1.338600654058865191e-01 4.609503895350581804e-01
2.109673620625856366e-02 1.156144232980968467e-01 4.603113320198817804e-01
2.389514806332570032e-02 1.356214239281535172e-01 7.321762998669878453e-01
2.174735476192857231e-02 1.110336110249922487e-01 8.059829424648218277e-01
2.215327129441649334e-02 1.138790671160404416e-01 5.560124451200607609e-01
2.424657969217229592e-02 1.254073046574191719e-01 6.391349261433530993e-01
2.089351791661249458e-02 1.333364182776450024e-01 4.654507945715113948e-01
2.187864657819203404e-02 1.151903851346621210e-01 7.073475652808751679e-01
2.259099068916202435e-02 1.321007070636357195e-01 4.602573271594443405e-01
2.173271344420997855e-02 1.121057075136762393e-01 4.615894470502345248e-01
2.205526247362262285e-02 1.391977457971217691e-01 6.949084457601184539e-01
2.027218199637967344e-02 1.357730375733816053e-01 8.085661749557458977e-01
2.031574591713253969e-02 1.129109799881989201e-01 5.681140342630838225e-01
2.297466521986978732e-02 1.079409326839415595e-01 8.280934324089168630e-01
2.187012581132301986e-02 1.302405396485683542e-01 8.647087277855006748e-01
2.253390555149963406e-02 1.104883619525757199e-01 7.687285895730617824e-01
2.166766759008310547e-02 1.227702673240591708e-01 9.086281805362481645e-01
2.372053234791130991e-02 1.274238861497534736e-01 8.703522357012130062e-01
2.307819453750837441e-02 1.038573651628646455e-01 5.682310447940315257e-01
2.098380604254382678e-02 1.133918232640937634e-01 7.142106829614663921e-01
2.218355401986178699e-02 1.396397855807022803e-01 6.326678441059694347e-01
2.058673030572751375e-02 1.396257843205888360e-01 5.389379084117569274e-01
2.423265843925953220e-02 1.257709373843645950e-01 5.920066846016139861e-01
2.188880749267433853e-02 1.363042853856847314e-01 7.520905921532939908e-01
2.095252322709043741e-02 1.397261933574021620e-01 7.996868758188238058e-01
2.354395645608104576e-02 1.189327219449750478e-01 6.243060915482394613e-01
2.339602314208278841e-02 1.000382214399296033e-01 7.028111570041304379e-01
2.316508235741216587e-02 1.250360712464121671e-01 7.382383454510905718e-01
2.026266113950255313e-02 1.229182806452580878e-01 6.780589293036374254e-01
2.424973997659789215e-02 1.111868248142332816e-01 4.687990959186326689e-01
2.349147173245591871e-02 1.216829694672520445e-01 9.069720314828332297e-01
2.082155143962956603e-02 1.396989909091818360e-01 6.304401436129253300e-01
2.025470042303807380e-02 1.151951855667009972e-01 8.166264003760337342e-01
2.288293696432678812e-02 1.293024552209698919e-01 8.848030362732648424e-01
2.140064355792021047e-02 1.121589123021071999e-01 5.477632026882420790e-01
2.422125741316718400e-02 1.036549469452250766e-01 4.603068316148453132e-01
2.274848486363772668e-02 1.393661609544859237e-01 7.037742436819311997e-01
2.357087887909911986e-02 1.213329379644167982e-01 8.137236391275213254e-01
2.391602994269484417e-02 1.150759748377354064e-01 8.028686621795961820e-01
2.119606514586312718e-02 1.223302277204948441e-01 7.914016301467130532e-01
2.280004950445540038e-02 1.397433949055414959e-01 5.162693682431420683e-01
2.393931203808342609e-02 1.055023132081887305e-01 6.644452040683662686e-01
2.061645298076826907e-02 1.081597523777139969e-01 6.343869988298946883e-01
2.072498274844735908e-02 1.236007420667860068e-01 4.638666519986798797e-01
2.280933033973057619e-02 1.395009730875778897e-01 8.476881959376341147e-01
2.335985988738986316e-02 1.133966236961326396e-01 8.234895180566249584e-01
2.305115210368932979e-02 1.349085597703793271e-01 7.042692882359411488e-01
2.095556350071506313e-02 1.189571241411727237e-01 5.048068366152953512e-01
2.131699602964266804e-02 1.077921192907361631e-01 5.904495444590014408e-01
2.185764468802191968e-02 1.291872448520366978e-01 5.121109939894591401e-01
2.229212379114120166e-02 1.305969717274554909e-01 6.536622336010240453e-01
2.421953725835325130e-02 1.164584992649338457e-01 7.751731695852626114e-01
2.036975077756997959e-02 1.397761978578072051e-01 8.130080747267253161e-01
2.420905631506835645e-02 1.312150273524617106e-01 5.483122521026894125e-01
2.026818163634726971e-02 1.041533918052624796e-01 5.570925423288096701e-01
2.416717254552909477e-02 1.257573361602544459e-01 7.323833184986650036e-01
2.118114380294226426e-02 1.347889490054104966e-01 9.064049804482405825e-01
2.132295656609094550e-02 1.397053914852336709e-01 7.761452570731367517e-01
2.025190017101538911e-02 1.090614335290176068e-01 4.605948575371783260e-01
2.202850006500585087e-02 1.188623156084047672e-01 8.215498434859136445e-01
2.026290116110449763e-02 1.360154593913452115e-01 4.771473472612535183e-01
2.154113620225820216e-02 1.250408716784510710e-01 8.475171805462491381e-01
2.382998219839785672e-02 1.397373943654928730e-01 6.046708243741937272e-01
2.050732315908431608e-02 9.997581582342411621e-02 6.321863007670688317e-01
2.232460671460431353e-02 1.297484953645827999e-01 4.636281305317478951e-01
2.073930403736336248e-02 1.183990739166524836e-01 6.261422568031124181e-01
2.390630906781610401e-02 1.046402356212059181e-01 6.147877348961405808e-01
2.025378034023062046e-02 1.183226670400336078e-01 4.617874648718384711e-01
2.055828774589713026e-02 1.076101029092618455e-01 7.219603804342391573e-01
2.316984278585072776e-02 1.314634497104739674e-01 5.784919682771447746e-01
2.170891130201717950e-02 1.199688151933673980e-01 8.103213329199627779e-01
2.119858537268353924e-02 9.985060455440990246e-02 7.068300187016830494e-01
2.244401746157153807e-02 1.255949215429388865e-01 6.351160644458000437e-01
2.114142022782050309e-02 1.272058665279875156e-01 6.322718084627618751e-01
2.116958276244861742e-02 1.306081727355462019e-01 9.086461821563939223e-01
2.311343770939384284e-02 1.336264443799942137e-01 5.427137482373411981e-01
2.224423948155333786e-02 1.177098118830694901e-01 4.605228510565950728e-01
2.284769379244131968e-02 1.395333760038403592e-01 4.603203328299547148e-01
2.276828664579811853e-02 9.988340750667559775e-02 5.535687251852666746e-01
2.202709993899450852e-02 1.357954395895630828e-01 8.685340720664858072e-01
2.301986928823594042e-02 1.212429298636877179e-01 7.897454810932985625e-01
2.294842285805722207e-02 1.293160564450800409e-01 7.444264023762137139e-01
2.076154603914352401e-02 1.054043043873948843e-01 9.083356542088789620e-01
2.289129771679451059e-02 1.321875148763388963e-01 8.613829284635619032e-01
2.101996929723675203e-02 1.000334210078907132e-01 5.935323219089718716e-01
2.225364032762948766e-02 1.240159794381494457e-01 4.664858877298956874e-01
2.067217799601963821e-02 1.222214179276134849e-01 5.644147013231192167e-01
2.421125651308617469e-02 1.046058325249272503e-01 7.316227500475041001e-01
2.424297936814313187e-02 1.289496234661119678e-01 5.028086567791101302e-01
2.024999999999999717e-02 1.398000000000000076e-01 4.594000000000000306e-01
2.299822734046063841e-02 1.269806462581632434e-01 6.802731285815721840e-01
2.085623456111049961e-02 1.122413197187746847e-01 6.237165384884640895e-01
2.417913362202598129e-02 1.251000770069306545e-01 8.452894800532049224e-01
2.398807642687841857e-02 1.397457951215609340e-01 5.709087857907211294e-01
2.077658739286535397e-02 1.394941724755228152e-01 4.678765128861597233e-01
2.371377173945654962e-02 1.051866848016321659e-01 9.043617965616904675e-01
2.295682361412527267e-02 1.077173125581302460e-01 4.625210308927803493e-01
2.322372763548719021e-02 1.117800782070386412e-01 6.988417997619784661e-01
2.229400396035642953e-02 9.985820523847147023e-02 6.548548409356841349e-01
2.263379454150873590e-02 1.344309167825104567e-01 6.310251962676638460e-01
2.339542308807792542e-02 1.072952745747117187e-01 5.300901121100898283e-01
2.078482813453210593e-02 1.358306427578482023e-01 7.699121960976486045e-01
2.311623796141652754e-02 1.397601964176775902e-01 8.987452910761967173e-01
2.066541738756487792e-02 9.998421657949216335e-02 5.984242621835966780e-01
2.027314208278745145e-02 1.081617525577302091e-01 9.049198467862107353e-01
2.281821113900251233e-02 1.040965866928023620e-01 6.139596603694332799e-01
2.185840475642807784e-02 1.039949775479793170e-01 5.508909841885770708e-01
2.419773529617665411e-02 1.001314298286845872e-01 7.996418717684592448e-01
2.320316578492064366e-02 1.364550989589063124e-01 8.102673280595253935e-01
2.201209858887299975e-02 1.172217679591163186e-01 6.005079497154743873e-01
2.377385714714324444e-02 1.305137642387814711e-01 5.594957586182758291e-01
2.207238401456131094e-02 1.001298296846716285e-01 7.632155934034065004e-01
2.335305927533477821e-02 1.156432258903301175e-01 6.659843425908331671e-01
2.391522987068835787e-02 1.247520456841115649e-01 5.725739356542089986e-01
2.215043103879349093e-02 1.322291186206758784e-01 9.084661659549360113e-01
2.135807972717544342e-02 1.229258813293196417e-01 6.260837515376381779e-01
2.331425578302047039e-02 1.049326619395745674e-01 7.466901061095498893e-01
2.149889240031602547e-02 9.993741236711303766e-02 6.579556200058004345e-01
2.114930093708433656e-02 1.038965686911822034e-01 5.606748647378265726e-01
2.204486153753837732e-02 1.049866668000120074e-01 8.510770009300837602e-01
2.114238031422827763e-02 1.395945815123361133e-01 7.286254802932266017e-01
2.267467822103989145e-02 1.119836965326879707e-01 6.090857217149543423e-01
2.208346501185106531e-02 1.181162484623616005e-01 7.127975557800202422e-01
2.423793891450230428e-02 1.339088697982818432e-01 6.719518796691703599e-01
2.132607684691622402e-02 1.099687151843666000e-01 8.642946905221468024e-01
2.223731885869728239e-02 1.134078247042233645e-01 6.284734666119948798e-01
2.025710063905751535e-02 1.261669730275724877e-01 6.075105799521954841e-01
2.291285965736916327e-02 1.354174055665010035e-01 5.878258083227492214e-01
2.032310657959216296e-02 1.278911282015381123e-01 7.068255182966465267e-01
2.026706153553819653e-02 1.096998909901891195e-01 5.946799251932675112e-01
2.091119950795571406e-02 1.114952525727315596e-01 5.149642507825706872e-01
2.073654378894100245e-02 1.277815183366502738e-01 4.616254502905261514e-01
2.421549689472052291e-02 1.093226570391335195e-01 7.821848006320567537e-01
2.242057535178165750e-02 1.131037973417607645e-01 9.074805772519525249e-01
2.247310007900711268e-02 1.258697462771649622e-01 8.163293736436281200e-01
2.317080287225850230e-02 1.038521646948225297e-01 6.748456401076095013e-01
2.423429858687281904e-02 1.219349921492934447e-01 7.941108739786582049e-01
2.026534138072426383e-02 1.225034433098978887e-01 4.595462631636847428e-01
2.029378394055465079e-02 1.145191247212249269e-01 7.265237911412025795e-01
2.193285145663109378e-02 1.396365852926763351e-01 5.598152873758637238e-01
2.115446140152613466e-02 1.054859117320558898e-01 5.160758508265742561e-01
2.221935724215179028e-02 1.066356152053684891e-01 5.883568561170503530e-01
2.381214059265333860e-02 1.395137742396815594e-01 6.890984228580574467e-01
2.140652408716784208e-02 1.130397915812423187e-01 8.004294426498385073e-01
2.365512646138152181e-02 1.184426778410056780e-01 4.937583422508026176e-01
2.109485603704333231e-02 1.063531897870808457e-01 9.091187246852217019e-01
2.060833224990249110e-02 1.183718714684321577e-01 9.068955245972135648e-01
2.281329069616265526e-02 1.156044223980158409e-01 9.076470922383016449e-01
2.078634827134441879e-02 1.254461081497334762e-01 8.474721764958845771e-01
2.063949505455490996e-02 1.254889120020802051e-01 6.968751227610484600e-01
2.025502045184066416e-02 1.193247572281505298e-01 5.487442909861885987e-01
2.191240961686551428e-02 1.308601954175876159e-01 7.957850246522185644e-01
2.027786250762568521e-02 1.390729345641107673e-01 5.536587332859956856e-01
2.232740696662699476e-02 1.358822474022662041e-01 8.196596733706033033e-01
2.338282195397585472e-02 1.396933904051364528e-01 5.029481693352402250e-01
2.366556740106609547e-02 1.281699532957966403e-01 5.291045234071064529e-01
2.281517086537788314e-02 1.248656559090318002e-01 9.088396995729617345e-01
2.028242291806262379e-02 1.079193307397665613e-01 7.863386744807031592e-01
2.151209358842295916e-02 1.002822434019061681e-01 8.578186076746907585e-01
2.218959456351071377e-02 1.225854506905621616e-01 7.513930293726432952e-01
2.104181126301367041e-02 1.318766869018211663e-01 7.605783560520444908e-01
2.396127401466131845e-02 1.038941684751627653e-01 5.060354471902470674e-01
2.351135352181696336e-02 1.132326089348041215e-01 6.897959856387075872e-01
2.025170015301376927e-02 1.114804512406116499e-01 8.530211759058314858e-01
2.137852156694102293e-02 1.317022712044084165e-01 8.401140142612834039e-01
2.081227060435439022e-02 9.994141272714544832e-02 7.490213159184327951e-01
2.424421947975317557e-02 1.299517136542288898e-01 5.897654828934605353e-01
2.421481683351501407e-02 1.255473172585532815e-01 6.764342830854777056e-01
2.104517156544088649e-02 1.152371893470412467e-01 6.478162074586714114e-01
2.381054044864037642e-02 1.188659159324339243e-01 6.785089698072824804e-01
2.101140852676740625e-02 1.395673790641157597e-01 5.593787480873275708e-01
2.425000000000000072e-02 9.979999999999999982e-02 4.594000000000000306e-01
2.288169685271674442e-02 1.283003650328529699e-01 7.978462101589144373e-01
2.423737886409776596e-02 1.166821193907451593e-01 6.907455711013990030e-01
2.278640827674490582e-02 1.287204028362552988e-01 4.597442809852886336e-01
2.308975557800201778e-02 1.080381414327289680e-01 5.659898430858776308e-01
2.278636827314458116e-02 1.132042063785740904e-01 7.182295446590194476e-01
2.244233731035793003e-02 1.139146703203288424e-01 6.914971387424870830e-01
2.164470552349711391e-02 1.364735006150553653e-01 7.791695292576329424e-01
2.220451590643158016e-02 1.101267294056465229e-01 6.363896790711163209e-01
2.418121380924283248e-02 1.319422928063525569e-01 9.040557690192118079e-01
2.340718414657319210e-02 1.090570331329819564e-01 5.854225920332831734e-01
2.267323809142822791e-02 1.134006240561650503e-01 4.645552139692572524e-01
2.372345261073496858e-02 1.001062275604804458e-01 9.009279875188768161e-01
2.309947645288075793e-02 1.184738806492584423e-01 7.540707703693333430e-01
2.027494224480203000e-02 1.263905931533838012e-01 5.230829814683323198e-01
2.252010430938784433e-02 1.174005840525647187e-01 8.461445570101309155e-01
2.092972117490573755e-02 1.354942124791231328e-01 5.362871698452860159e-01
2.332617685591703224e-02 1.287592063285695754e-01 6.680815313378205555e-01
2.145148813393205067e-02 1.132446100149013257e-01 5.129930733766037143e-01
2.338982258403256298e-02 1.350277704993449179e-01 7.180270264323787011e-01
2.061225260273424550e-02 1.189591243211889221e-01 7.753396845716112873e-01
2.239573311598043806e-02 1.175457971217409581e-01 7.768293186386776572e-01
2.162858407256653195e-02 1.234463281695352410e-01 5.487307897710793636e-01
2.259515106359572326e-02 1.057851386624796414e-01 5.777899050914581114e-01
2.185440439639567412e-02 1.123753317798601992e-01 7.494173515616403547e-01
2.391662999669970369e-02 1.078189217029532909e-01 5.255897070736367249e-01
2.026178106029542444e-02 1.015619585762718713e-01 5.147347301257112484e-01
2.340066355972037632e-02 9.991701053094778628e-02 8.685205708513765721e-01
2.114446050144513228e-02 1.064367973117580496e-01 7.873917692592333761e-01
2.385374433699032765e-02 1.163580902281205198e-01 5.144242021781961771e-01
2.214779080117210142e-02 1.081601524137172504e-01 8.684935684211577689e-01
2.239141272714544398e-02 1.217965796921722799e-01 7.932377954015860100e-01
2.423537868408156756e-02 1.008722965066856103e-01 5.650087547879311112e-01
2.344434749127421655e-02 1.236035423188086846e-01 7.526126391375226321e-01
2.025270024302187194e-02 1.393853626826414560e-01 6.908895840625653983e-01
2.420505595503594926e-02 1.395953815843425927e-01 7.468386194757528074e-01
2.423913902251202332e-02 1.193947635287175985e-01 5.673939694572509573e-01
2.028630326729405353e-02 1.329903871348421251e-01 4.632680981288316291e-01
2.029962446620195773e-02 9.988380754267883743e-02 7.876752947765297552e-01
2.423477863007670804e-02 1.081293496414677258e-01 8.422877098938905682e-01
2.304547159244331803e-02 1.316086627796501651e-01 5.091767299056914053e-01
2.232508675780820254e-02 1.159428528567571226e-01 5.118049664469800364e-01
2.189940844676020737e-02 1.280963466712004006e-01 6.534957186146753694e-01
2.106145303077276709e-02 1.103291476232860779e-01 7.443138922503025334e-01
2.371905221469932171e-02 1.133246172155494003e-01 5.343069916292466637e-01
2.078126781410326654e-02 1.148891580242221988e-01 8.251006630596754432e-01
2.027214199277934878e-02 1.202568411157003969e-01 6.170514386294767561e-01
2.315096108649778231e-02 1.278187216849516472e-01 6.335364222780052179e-01
2.158686031742856545e-02 1.000534228080527249e-01 5.988608014721322759e-01
2.156909871888470012e-02 1.308621955976038143e-01 6.163178726085348780e-01
2.155073706633597180e-02 1.289280215219369696e-01 4.610538988508965930e-01
2.204898190837175156e-02 1.031549019411747148e-01 7.770948425358281675e-01
2.239957346161154314e-02 1.271006570591353135e-01 7.122440059605363860e-01
2.249818233641027662e-02 1.345249252432718923e-01 7.460690502145194136e-01
2.026298116830514695e-02 1.270478523067075927e-01 8.601768199137923565e-01
2.135403936354271850e-02 1.157900391035193294e-01 6.330953825844326532e-01
2.105129211629046607e-02 1.292152473722635309e-01 6.995708653778842656e-01
2.211570791371223615e-02 1.041705933534017997e-01 7.236750347531278882e-01
2.419089468052124797e-02 1.268618355652008922e-01 9.006219599763978234e-01
2.062013331199807897e-02 1.356498264843836177e-01 7.037427408466760959e-01
2.224999999999999895e-02 9.979999999999999982e-02 4.594000000000000306e-01
2.067029782680441033e-02 1.129601844165974839e-01 5.632220939884591271e-01
2.287677640987688735e-02 9.980820073806642712e-02 6.415336420277827356e-01
2.365600654058865049e-02 1.397989999099918945e-01 6.570825414287286836e-01
2.073938404456401180e-02 1.094314668320148787e-01 5.591717294556509676e-01
2.378193787440869428e-02 1.047854486903821158e-01 5.454724965246872115e-01
2.421389675070756420e-02 1.286747987318858921e-01 7.715953475812822315e-01
2.194817283555519985e-02 1.223398285845726102e-01 5.599593003370301192e-01
2.025358032222900062e-02 1.207416847516276509e-01 8.542137832404915754e-01
2.149017161544538798e-02 1.174065845926133278e-01 7.577431008790792566e-01
2.025902081187306789e-02 1.109444029962696893e-01 8.002179236131253814e-01
2.385050404536408208e-02 1.395461771559440289e-01 7.517305597503775028e-01
2.173923403106279434e-02 1.212457301157104095e-01 6.284914682321407486e-01
2.278612825154264013e-02 1.001070276324869252e-01 4.691411267014031772e-01
2.055332729945694853e-02 1.036017421567941160e-01 8.241330759768378256e-01
2.119834535108159473e-02 1.267534258083227727e-01 9.077416007440670676e-01
2.393415157364162799e-02 1.039129701673150441e-01 7.090442179796181410e-01
2.180684011561040414e-02 1.036177435969237309e-01 7.383958596273663133e-01
2.075338530467741791e-02 1.001002270204318367e-01 5.393294436499285194e-01
2.422957816203458181e-02 1.310238101429128943e-01 6.953719874788731881e-01
2.419249482453420669e-02 1.075096938724485196e-01 4.612114130271724455e-01
2.389546809212829068e-02 1.397509955896030776e-01 4.642941904771429318e-01
2.361188256943124592e-02 1.054343070876378879e-01 4.663283735536197794e-01
2.100064755828024224e-02 1.257105319478753203e-01 7.919146763208688711e-01
2.193237141342720825e-02 1.134422278005020462e-01 5.116384514606313605e-01
2.417153293796441352e-02 1.370227500475042770e-01 9.074895780620254593e-01
